57 p22810 1 785 130
58 p22810 2 12324 3
59 p22810 3 3108 2
60 p22810 4 222 4
61 p22810 5 202 214
62 p22810 6 712 5
63 p22810 7 2632 5
64 p22810 8 2608 2
65 p22810 9 175 122
66 p22810 10 38 99
67 p22810 11 94 88
68 p22810 12 93 82
69 p22810 13 1 104
70 p22810 14 108 73
71 p22810 15 37 80
72 p22810 16 8 109
73 p22810 17 25 89
74 p22810 18 644 68
75 p22810 19 58 43
76 p22810 20 124 77
77 p22810 21 465 186
78 p22810 22 59 77
79 p22810 23 40 115
80 p22810 24 27 101
81 p22810 25 215 181
82 p22810 26 181 400
83 p22810 27 2 34
84 p22810 28 26 100
