1 p93791 1 409 292
2 p93791 2 192 3
3 p93791 3 648 3
4 p93791 4 11 8
5 p93791 5 6127 8
6 p93791 6 218 1040
7 p93791 7 177 2
8 p93791 8 177 2
9 p93791 9 192 3
10 p93791 10 1164 13
11 p93791 11 187 82
12 p93791 12 391 186
13 p93791 13 194 413
14 p93791 14 194 413
15 p93791 15 288 3
16 p93791 16 396 7
17 p93791 17 216 298
18 p93791 18 42 4
19 p93791 19 210 196
20 p93791 20 416 336
21 p93791 21 42 4
22 p93791 22 42 3
23 p93791 23 234 341
24 p93791 24 3072 1
25 p93791 25 2688 2
26 p93791 26 96 3
27 p93791 27 916 135
28 p93791 28 396 5
29 p93791 29 172 371
30 p93791 30 192 3
31 p93791 31 204 7
32 p93791 32 3084 13
