104 p93791 1 409 292
105 p93791 2 192 3
106 p93791 3 648 3
107 p93791 4 11 8
108 p93791 5 6127 8
109 p93791 6 218 1040
110 p93791 7 177 2
111 p93791 8 177 2
112 p93791 9 192 3
113 p93791 10 1164 13
114 p93791 11 187 82
115 p93791 12 391 186
116 p93791 13 194 413
117 p93791 14 194 413
118 p93791 15 288 3
119 p93791 16 396 7
120 p93791 17 216 298
121 p93791 18 42 4
122 p93791 19 210 196
123 p93791 20 416 336
124 p93791 21 42 4
125 p93791 22 42 3
126 p93791 23 234 341
127 p93791 24 3072 1
128 p93791 25 2688 2
129 p93791 26 96 3
130 p93791 27 916 135
131 p93791 28 396 5
132 p93791 29 172 371
133 p93791 30 192 3
134 p93791 31 204 7
135 p93791 32 3084 13
22 g0123 1 134 43
23 g0123 2 74 84
24 g0123 3 57 53
25 g0123 4 268 54
26 g0123 5 51 32
27 g0123 6 36 47
28 g0123 7 34 47
29 g0123 8 31 52
