1 syn-64 1 409 292 
2 syn-64 2 192 3 
3 syn-64 3 648 3 
4 syn-64 4 11 8 
5 syn-64 5 6127 8 
6 syn-64 6 218 1040 
7 syn-64 7 177 2 
8 syn-64 8 177 2 
9 syn-64 9 192 3 
10 syn-64 10 1164 13 
11 syn-64 11 187 82 
12 syn-64 12 391 186 
13 syn-64 13 194 413 
14 syn-64 14 194 413 
15 syn-64 15 288 3 
16 syn-64 16 396 7 
17 syn-64 17 216 298 
18 syn-64 18 42 4 
19 syn-64 19 210 196 
20 syn-64 20 416 336 
21 syn-64 21 42 4 
22 syn-64 22 42 3 
23 syn-64 23 234 341 
24 syn-64 24 3072 1 
25 syn-64 25 2688 2 
26 syn-64 26 96 3 
27 syn-64 27 916 135 
28 syn-64 28 396 5 
29 syn-64 29 172 371 
30 syn-64 30 192 3 
31 syn-64 31 204 7 
32 syn-64 32 3084 13 
33 syn-64 1 785 130 
34 syn-64 2 12324 3 
35 syn-64 3 3108 2 
36 syn-64 4 222 4 
37 syn-64 5 202 214 
38 syn-64 6 712 5 
39 syn-64 7 2632 5 
40 syn-64 8 2608 2 
41 syn-64 9 175 122 
42 syn-64 10 38 99 
43 syn-64 11 94 88 
44 syn-64 12 93 82 
45 syn-64 13 1 104 
46 syn-64 14 108 73 
47 syn-64 15 37 80 
48 syn-64 16 8 109 
49 syn-64 1 210 806 
50 syn-64 2 514 570
51 syn-64 3 3108 2
52 syn-64 4 6180 2
53 syn-64 5 12336 3
54 syn-64 6 1965 1
55 syn-64 7 512 1
56 syn-64 8 9930 2
57 syn-64 9 228 3
58 syn-64 10 454 519
59 syn-64 11 9285 1
60 syn-64 12 173 1
61 syn-64 13 2560 1
62 syn-64 14 432 1
63 syn-64 15 4440 1
64 syn-64 16 128 1 
