104 p93791 1 409 292
105 p93791 2 192 3
106 p93791 3 648 3
107 p93791 4 11 8
108 p93791 5 6127 8
109 p93791 6 218 1040
110 p93791 7 177 2
111 p93791 8 177 2
112 p93791 9 192 3
113 p93791 10 1164 13
114 p93791 11 187 82
115 p93791 12 391 186
116 p93791 13 194 413
117 p93791 14 194 413
118 p93791 15 288 3
119 p93791 16 396 7
120 p93791 17 216 298
121 p93791 18 42 4
122 p93791 19 210 196
123 p93791 20 416 336
124 p93791 21 42 4
125 p93791 22 42 3
126 p93791 23 234 341
127 p93791 24 3072 1
128 p93791 25 2688 2
129 p93791 26 96 3
130 p93791 27 916 135
131 p93791 28 396 5
132 p93791 29 172 371
133 p93791 30 192 3
134 p93791 31 204 7
135 p93791 32 3084 13
57 p22810 1 785 130
58 p22810 2 12324 3
59 p22810 3 3108 2
60 p22810 4 222 4
61 p22810 5 202 214
62 p22810 6 712 5
63 p22810 7 2632 5
64 p22810 8 2608 2
65 p22810 9 175 122
66 p22810 10 38 99
67 p22810 11 94 88
68 p22810 12 93 82
69 p22810 13 1 104
70 p22810 14 108 73
71 p22810 15 37 80
72 p22810 16 8 109
8 d695 1 12 2
9 d695 2 73 10
10 d695 3 75 32
11 d695 4 105 54
12 d695 5 110 56
13 d695 6 234 41
14 d695 7 95 34
15 d695 8 97 46
