1 arch0001 1 5421 24
1 arch0001 2 8374 31
1 arch0001 3 10325 52
1 arch0001 4 4121 18
1 arch0001 5 29450 105
1 arch0001 6 171000 210
1 arch0001 7 25000 88
1 arch0001 8 6850 42
2 arch0002 1 1260 14
2 arch0002 2 5120 20
2 arch0002 3 9800 38
2 arch0002 4 12350 45
2 arch0002 5 30600 115
2 arch0002 6 49000 160
2 arch0002 7 21000 75
2 arch0002 8 3800 26
3 arch0003 1 7250 22
3 arch0003 2 15200 33
3 arch0003 3 9450 38
3 arch0003 4 14000 50
3 arch0003 5 245000 240
3 arch0003 6 307000 290
3 arch0003 7 28500 88
3 arch0003 8 15350 40
4 arch0004 1 5120 20
4 arch0004 2 6420 30
4 arch0004 3 8500 45
4 arch0004 4 9025 48
4 arch0004 5 36150 160
4 arch0004 6 102800 210
4 arch0004 7 21000 85
4 arch0004 8 5870 36
5 arch0005 1 8500 28
5 arch0005 2 17400 40
5 arch0005 3 9800 35
5 arch0005 4 18650 60
5 arch0005 5 78500 240
5 arch0005 6 89000 250
5 arch0005 7 45200 130
5 arch0005 8 13250 50
6 arch0006 1 3620 18
6 arch0006 2 8210 32
6 arch0006 3 12650 55
6 arch0006 4 6450 25
6 arch0006 5 25000 102
6 arch0006 6 138000 210
6 arch0006 7 31000 96
6 arch0006 8 7540 38
7 arch0007 1 5920 24
7 arch0007 2 10950 32
7 arch0007 3 13800 55
7 arch0007 4 6450 25
7 arch0007 5 48000 105
7 arch0007 6 157000 230
7 arch0007 7 45000 90
7 arch0007 8 7850 42
8 arch0008 1 4150 20
8 arch0008 2 8320 26
8 arch0008 3 13200 46
8 arch0008 4 9425 38
8 arch0008 5 22500 95
8 arch0008 6 68000 200
8 arch0008 7 22000 84
8 arch0008 8 6000 28
9 arch0009 1 7020 26
9 arch0009 2 13450 40
9 arch0009 3 18700 58
9 arch0009 4 7420 28
9 arch0009 5 41000 120
9 arch0009 6 140000 225
9 arch0009 7 29500 110
9 arch0009 8 16500 52
10 arch0010 1 4820 18
10 arch0010 2 7290 25
10 arch0010 3 13280 45
10 arch0010 4 10300 42
10 arch0010 5 36850 115
10 arch0010 6 99000 195
10 arch0010 7 21500 80
10 arch0010 8 5800 30
11 arch0011 1 9000 30
11 arch0011 2 18700 48
11 arch0011 3 10350 35
11 arch0011 4 21500 58
11 arch0011 5 78500 240
11 arch0011 6 130000 255
11 arch0011 7 45000 135
11 arch0011 8 15250 55
12 arch0012 1 6340 22
12 arch0012 2 9420 28
12 arch0012 3 12850 40
12 arch0012 4 7380 24
12 arch0012 5 50000 105
12 arch0012 6 145000 230
12 arch0012 7 37000 88
12 arch0012 8 7640 35
13 arch0013 1 4620 20
13 arch0013 2 11200 35
13 arch0013 3 17450 55
13 arch0013 4 8320 28
13 arch0013 5 41500 115
13 arch0013 6 98000 200
13 arch0013 7 22000 82
13 arch0013 8 6200 30
14 arch0014 1 5850 22
14 arch0014 2 11050 30
14 arch0014 3 10300 38
14 arch0014 4 13650 45
14 arch0014 5 32000 105
14 arch0014 6 119000 220
14 arch0014 7 44000 95
14 arch0014 8 7100 36
15 arch0015 1 7320 25
15 arch0015 2 16450 42
15 arch0015 3 19800 60
15 arch0015 4 7420 28
15 arch0015 5 62000 140
15 arch0015 6 150000 250
15 arch0015 7 27500 102
15 arch0015 8 15000 48
16 arch0016 1 4260 18
16 arch0016 2 6980 24
16 arch0016 3 13850 45
16 arch0016 4 10250 36
16 arch0016 5 30400 98
16 arch0016 6 89000 195
16 arch0016 7 20500 78
16 arch0016 8 5900 30
17 arch0017 1 9160 28
17 arch0017 2 18750 50
17 arch0017 3 9800 35
17 arch0017 4 22300 60
17 arch0017 5 76500 230
17 arch0017 6 124000 245
17 arch0017 7 48200 128
17 arch0017 8 14650 52
18 arch0018 1 6400 24
18 arch0018 2 9040 30
18 arch0018 3 12870 42
18 arch0018 4 7520 26
18 arch0018 5 45200 118
18 arch0018 6 149000 235
18 arch0018 7 35800 90
18 arch0018 8 7200 34
19 arch0019 1 4820 20
19 arch0019 2 11500 35
19 arch0019 3 17650 58
19 arch0019 4 8200 28
19 arch0019 5 41050 110
19 arch0019 6 100000 210
19 arch0019 7 23200 88
19 arch0019 8 6400 30
20 arch0020 1 5840 22
20 arch0020 2 10820 29
20 arch0020 3 10530 38
20 arch0020 4 13720 45
20 arch0020 5 31000 104
20 arch0020 6 120000 222
20 arch0020 7 43000 98
20 arch0020 8 7100 35
21 arch0021 1 7420 25
21 arch0021 2 15640 42
21 arch0021 3 19050 58
21 arch0021 4 7650 28
21 arch0021 5 61500 138
21 arch0021 6 148000 245
21 arch0021 7 29500 105
21 arch0021 8 14200 50
22 arch0022 1 4920 19
22 arch0022 2 7800 24
22 arch0022 3 14350 45
22 arch0022 4 10650 40
22 arch0022 5 31600 102
22 arch0022 6 87000 188
22 arch0022 7 21000 82
22 arch0022 8 5100 27
23 arch0023 1 8920 26
23 arch0023 2 18780 49
23 arch0023 3 9980 36
23 arch0023 4 22980 62
23 arch0023 5 74000 215
23 arch0023 6 127000 250
23 arch0023 7 46800 132
23 arch0023 8 15500 53
24 arch0024 1 6200 21
24 arch0024 2 9520 28
24 arch0024 3 13020 44
24 arch0024 4 7890 25
24 arch0024 5 46000 116
24 arch0024 6 147000 230
24 arch0024 7 36800 93
24 arch0024 8 6900 32
25 arch0025 1 4920 20
25 arch0025 2 11120 34
25 arch0025 3 18320 56
25 arch0025 4 8020 29
25 arch0025 5 40520 112
25 arch0025 6 101000 210
25 arch0025 7 24000 88
25 arch0025 8 6350 29
26 arch0026 1 5700 22
26 arch0026 2 10850 31
26 arch0026 3 10220 36
26 arch0026 4 13220 48
26 arch0026 5 29500 103
26 arch0026 6 121000 225
26 arch0026 7 41500 97
26 arch0026 8 7500 34
27 arch0027 1 7200 23
27 arch0027 2 14950 40
27 arch0027 3 19280 60
27 arch0027 4 7500 27
27 arch0027 5 60000 135
27 arch0027 6 145000 245
27 arch0027 7 31000 102
27 arch0027 8 14500 47
28 arch0028 1 4480 17
28 arch0028 2 7020 23
28 arch0028 3 13020 43
28 arch0028 4 10550 39
28 arch0028 5 29200 95
28 arch0028 6 91000 192
28 arch0028 7 20750 78
28 arch0028 8 5100 26
29 arch0029 1 8850 27
29 arch0029 2 18300 47
29 arch0029 3 10200 35
29 arch0029 4 21400 58
29 arch0029 5 78500 228
29 arch0029 6 131000 240
29 arch0029 7 46200 130
29 arch0029 8 14000 52
30 arch0030 1 6100 20
30 arch0030 2 9380 28
30 arch0030 3 12700 42
30 arch0030 4 7620 25
30 arch0030 5 45800 114
30 arch0030 6 144000 227
30 arch0030 7 37000 95
30 arch0030 8 7200 34
31 arch0031 1 4820 19
31 arch0031 2 11500 33
31 arch0031 3 17100 55
31 arch0031 4 7850 27
31 arch0031 5 40250 110
31 arch0031 6 100000 215
31 arch0031 7 23000 84
31 arch0031 8 6500 29
32 arch0032 1 5750 21
32 arch0032 2 10800 29
32 arch0032 3 10240 35
32 arch0032 4 13800 48
32 arch0032 5 30000 106
32 arch0032 6 120000 222
32 arch0032 7 42000 96
32 arch0032 8 7300 32
33 arch0033 1 7800 25
33 arch0033 2 15900 41
33 arch0033 3 19450 59
33 arch0033 4 7450 26
33 arch0033 5 61200 140
33 arch0033 6 149000 248
33 arch0033 7 30800 103
33 arch0033 8 14400 49
34 arch0034 1 4350 18
34 arch0034 2 6940 23
34 arch0034 3 13500 44
34 arch0034 4 10900 36
34 arch0034 5 30800 98
34 arch0034 6 92000 190
34 arch0034 7 21000 80
34 arch0034 8 5800 27
35 arch0035 1 8960 28
35 arch0035 2 18040 46
35 arch0035 3 10100 34
35 arch0035 4 21750 60
35 arch0035 5 79000 225
35 arch0035 6 134000 242
35 arch0035 7 46800 128
35 arch0035 8 13800 50
36 arch0036 1 6400 24
36 arch0036 2 9360 30
36 arch0036 3 12640 41
36 arch0036 4 7790 26
36 arch0036 5 45600 116
36 arch0036 6 147000 229
36 arch0036 7 37200 94
36 arch0036 8 7020 33
37 arch0037 1 4820 20
37 arch0037 2 11750 34
37 arch0037 3 17820 57
37 arch0037 4 8200 29
37 arch0037 5 40800 113
37 arch0037 6 102000 214
37 arch0037 7 23800 90
37 arch0037 8 6300 28
38 arch0038 1 6020 22
38 arch0038 2 11020 28
38 arch0038 3 10250 35
38 arch0038 4 13600 49
38 arch0038 5 31500 108
38 arch0038 6 125000 224
38 arch0038 7 42000 99
38 arch0038 8 7600 34
39 arch0039 1 7400 25
39 arch0039 2 15700 42
39 arch0039 3 19520 59
39 arch0039 4 7450 26
39 arch0039 5 61000 141
39 arch0039 6 149000 248
39 arch0039 7 31000 104
39 arch0039 8 14800 50
40 arch0040 1 4550 18
40 arch0040 2 6800 22
40 arch0040 3 13100 44
40 arch0040 4 10800 36
40 arch0040 5 29200 97
40 arch0040 6 88000 185
40 arch0040 7 21800 79
40 arch0040 8 5700 27
41 arch0041 1 8900 26
41 arch0041 2 18250 45
41 arch0041 3 10200 34
41 arch0041 4 21600 59
41 arch0041 5 79500 220
41 arch0041 6 135000 240
41 arch0041 7 46500 126
41 arch0041 8 14050 51
42 arch0042 1 6200 22
42 arch0042 2 9400 28
42 arch0042 3 12680 42
42 arch0042 4 7850 26
42 arch0042 5 46200 114
42 arch0042 6 148000 226
42 arch0042 7 37500 92
42 arch0042 8 7100 32
43 arch0043 1 4980 20
43 arch0043 2 11650 34
43 arch0043 3 17450 56
43 arch0043 4 8050 28
43 arch0043 5 40700 112
43 arch0043 6 101500 210
43 arch0043 7 23900 87
43 arch0043 8 6400 30
44 arch0044 1 5820 21
44 arch0044 2 10750 29
44 arch0044 3 10420 36
44 arch0044 4 13400 47
44 arch0044 5 31500 108
44 arch0044 6 121500 218
44 arch0044 7 41500 96
44 arch0044 8 7300 33
45 arch0045 1 7620 24
45 arch0045 2 15800 42
45 arch0045 3 19300 58
45 arch0045 4 7650 28
45 arch0045 5 61000 138
45 arch0045 6 148500 248
45 arch0045 7 30800 104
45 arch0045 8 14600 50
46 arch0046 1 4620 18
46 arch0046 2 7040 23
46 arch0046 3 13180 42
46 arch0046 4 10600 36
46 arch0046 5 31000 102
46 arch0046 6 92000 190
46 arch0046 7 21850 78
46 arch0046 8 6000 29
47 arch0047 1 9050 27
47 arch0047 2 18950 48
47 arch0047 3 10400 36
47 arch0047 4 22000 61
47 arch0047 5 78800 224
47 arch0047 6 131000 243
47 arch0047 7 47000 128
47 arch0047 8 14300 54
48 arch0048 1 6340 24
48 arch0048 2 9560 29
48 arch0048 3 12980 43
48 arch0048 4 7920 26
48 arch0048 5 46000 116
48 arch0048 6 145500 232
48 arch0048 7 37000 92
48 arch0048 8 7080 34
49 arch0049 1 4950 19
49 arch0049 2 11180 33
49 arch0049 3 17300 55
49 arch0049 4 8100 28
49 arch0049 5 40000 110
49 arch0049 6 98000 208
49 arch0049 7 23500 86
49 arch0049 8 6700 29
50 arch0050 1 5980 21
50 arch0050 2 10850 29
50 arch0050 3 10400 37
50 arch0050 4 13280 48
50 arch0050 5 31200 106
50 arch0050 6 118000 215
50 arch0050 7 42000 94
50 arch0050 8 7500 34
51 arch0051 1 7850 26
51 arch0051 2 15750 40
51 arch0051 3 19800 59
51 arch0051 4 7500 28
51 arch0051 5 62000 142
51 arch0051 6 149500 252
51 arch0051 7 31000 105
51 arch0051 8 14500 49
52 arch0052 1 4620 18
52 arch0052 2 6920 23
52 arch0052 3 13500 44
52 arch0052 4 10850 37
52 arch0052 5 31800 100
52 arch0052 6 91000 190
52 arch0052 7 21000 78
52 arch0052 8 5700 28
53 arch0053 1 8960 28
53 arch0053 2 18400 46
53 arch0053 3 10150 34
53 arch0053 4 21700 58
53 arch0053 5 79300 225
53 arch0053 6 130500 240
53 arch0053 7 46400 127
53 arch0053 8 14000 53
54 arch0054 1 6220 22
54 arch0054 2 9500 29
54 arch0054 3 12800 43
54 arch0054 4 7800 26
54 arch0054 5 45800 118
54 arch0054 6 146000 230
54 arch0054 7 37000 91
54 arch0054 8 6900 33
55 arch0055 1 4750 18
55 arch0055 2 11150 33
55 arch0055 3 17650 55
55 arch0055 4 8220 29
55 arch0055 5 40600 112
55 arch0055 6 102500 210
55 arch0055 7 24000 86
55 arch0055 8 6350 28
56 arch0056 1 5820 20
56 arch0056 2 10920 28
56 arch0056 3 10420 36
56 arch0056 4 13650 49
56 arch0056 5 30500 110
56 arch0056 6 119000 220
56 arch0056 7 43500 98
56 arch0056 8 7450 34
57 arch0057 1 7320 25
57 arch0057 2 16250 41
57 arch0057 3 19480 59
57 arch0057 4 7580 27
57 arch0057 5 62000 142
57 arch0057 6 150000 250
57 arch0057 7 29000 100
57 arch0057 8 15000 48
58 arch0058 1 4380 18
58 arch0058 2 7060 22
58 arch0058 3 13400 43
58 arch0058 4 10950 36
58 arch0058 5 30800 97
58 arch0058 6 92000 193
58 arch0058 7 21500 82
58 arch0058 8 5800 27
59 arch0059 1 8930 27
59 arch0059 2 18140 47
59 arch0059 3 10210 35
59 arch0059 4 21500 60
59 arch0059 5 79200 223
59 arch0059 6 130000 243
59 arch0059 7 46600 126
59 arch0059 8 13850 52
60 arch0060 1 6130 21
60 arch0060 2 9440 27
60 arch0060 3 12500 41
60 arch0060 4 7650 24
60 arch0060 5 45000 115
60 arch0060 6 145000 220
60 arch0060 7 37000 93
60 arch0060 8 6950 30
61 arch0061 1 4820 18
61 arch0061 2 11820 35
61 arch0061 3 17300 56
61 arch0061 4 8000 29
61 arch0061 5 40000 110
61 arch0061 6 101500 210
61 arch0061 7 23000 88
61 arch0061 8 6500 30
62 arch0062 1 5680 21
62 arch0062 2 11000 30
62 arch0062 3 10400 37
62 arch0062 4 13450 46
62 arch0062 5 30500 108
62 arch0062 6 121000 220
62 arch0062 7 42000 96
62 arch0062 8 7350 33
63 arch0063 1 7250 24
63 arch0063 2 15680 41
63 arch0063 3 19300 59
63 arch0063 4 7800 27
63 arch0063 5 61000 140
63 arch0063 6 148000 248
63 arch0063 7 30000 102
63 arch0063 8 14400 50
64 arch0064 1 4520 18
64 arch0064 2 7020 23
64 arch0064 3 13000 44
64 arch0064 4 10700 36
64 arch0064 5 30600 100
64 arch0064 6 91000 185
64 arch0064 7 21400 80
64 arch0064 8 5800 28
65 arch0065 1 8860 27
65 arch0065 2 18250 47
65 arch0065 3 10100 35
65 arch0065 4 21750 58
65 arch0065 5 78800 220
65 arch0065 6 132000 245
65 arch0065 7 47000 128
65 arch0065 8 14100 52
66 arch0066 1 6200 22
66 arch0066 2 9400 28
66 arch0066 3 12680 42
66 arch0066 4 7820 26
66 arch0066 5 46200 116
66 arch0066 6 148000 226
66 arch0066 7 37000 94
66 arch0066 8 7100 32
67 arch0067 1 4920 20
67 arch0067 2 11350 34
67 arch0067 3 17500 55
67 arch0067 4 8050 28
67 arch0067 5 41000 112
67 arch0067 6 101000 210
67 arch0067 7 23900 87
67 arch0067 8 6300 29
68 arch0068 1 5760 22
68 arch0068 2 10950 29
68 arch0068 3 10300 36
68 arch0068 4 13350 47
68 arch0068 5 30800 108
68 arch0068 6 121000 222
68 arch0068 7 42500 97
68 arch0068 8 7450 34
69 arch0069 1 7380 24
69 arch0069 2 15800 42
69 arch0069 3 19400 58
69 arch0069 4 7720 27
69 arch0069 5 61500 142
69 arch0069 6 149000 252
69 arch0069 7 30800 104
69 arch0069 8 14500 48
70 arch0070 1 4500 18
70 arch0070 2 6920 22
70 arch0070 3 13300 44
70 arch0070 4 10820 36
70 arch0070 5 30500 98
70 arch0070 6 90500 188
70 arch0070 7 21200 81
70 arch0070 8 5700 27
71 arch0071 1 8940 26
71 arch0071 2 18120 47
71 arch0071 3 10250 34
71 arch0071 4 21450 60
71 arch0071 5 79200 223
71 arch0071 6 130000 243
71 arch0071 7 46800 126
71 arch0071 8 14000 51
72 arch0072 1 6100 21
72 arch0072 2 9360 27
72 arch0072 3 12450 41
72 arch0072 4 7650 24
72 arch0072 5 45000 115
72 arch0072 6 144000 218
72 arch0072 7 37000 93
72 arch0072 8 6950 30
73 arch0073 1 4850 19
73 arch0073 2 11800 35
73 arch0073 3 17400 56
73 arch0073 4 8000 29
73 arch0073 5 39800 110
73 arch0073 6 101500 210
73 arch0073 7 23000 88
73 arch0073 8 6400 30
74 arch0074 1 5700 21
74 arch0074 2 11050 29
74 arch0074 3 10350 36
74 arch0074 4 13500 46
74 arch0074 5 30500 108
74 arch0074 6 120500 222
74 arch0074 7 42500 98
74 arch0074 8 7400 34
75 arch0075 1 7380 24
75 arch0075 2 15780 42
75 arch0075 3 19350 58
75 arch0075 4 7650 28
75 arch0075 5 61200 140
75 arch0075 6 148000 246
75 arch0075 7 30000 104
75 arch0075 8 14400 50
76 arch0076 1 4450 17
76 arch0076 2 7050 22
76 arch0076 3 13250 43
76 arch0076 4 10750 35
76 arch0076 5 30800 96
76 arch0076 6 90000 185
76 arch0076 7 21500 82
76 arch0076 8 5900 26
77 arch0077 1 8820 27
77 arch0077 2 18420 47
77 arch0077 3 10150 34
77 arch0077 4 21700 60
77 arch0077 5 79300 225
77 arch0077 6 130000 240
77 arch0077 7 46500 127
77 arch0077 8 14100 52
78 arch0078 1 6150 22
78 arch0078 2 9480 27
78 arch0078 3 12500 41
78 arch0078 4 7800 25
78 arch0078 5 46200 116
78 arch0078 6 145500 226
78 arch0078 7 37000 94
78 arch0078 8 7050 32
79 arch0079 1 4920 19
79 arch0079 2 11200 34
79 arch0079 3 17500 55
79 arch0079 4 8050 28
79 arch0079 5 40900 112
79 arch0079 6 100500 208
79 arch0079 7 23900 88
79 arch0079 8 6400 28
80 arch0080 1 5920 20
80 arch0080 2 10950 28
80 arch0080 3 10350 36
80 arch0080 4 13400 47
80 arch0080 5 31200 108
80 arch0080 6 120500 220
80 arch0080 7 41800 97
80 arch0080 8 7300 34
81 arch0081 1 7580 24
81 arch0081 2 15850 42
81 arch0081 3 19400 58
81 arch0081 4 7700 27
81 arch0081 5 61600 140
81 arch0081 6 149500 250
81 arch0081 7 31000 104
81 arch0081 8 14600 50
82 arch0082 1 4550 18
82 arch0082 2 7040 23
82 arch0082 3 13200 43
82 arch0082 4 10850 35
82 arch0082 5 31000 100
82 arch0082 6 90500 188
82 arch0082 7 21700 82
82 arch0082 8 5700 28
83 arch0083 1 8940 26
83 arch0083 2 18300 48
83 arch0083 3 10120 35
83 arch0083 4 21750 59
83 arch0083 5 79100 222
83 arch0083 6 130500 243
83 arch0083 7 46500 128
83 arch0083 8 14200 53
84 arch0084 1 6300 21
84 arch0084 2 9540 29
84 arch0084 3 12750 42
84 arch0084 4 7800 26
84 arch0084 5 46500 118
84 arch0084 6 146500 230
84 arch0084 7 37200 92
84 arch0084 8 7000 33
85 arch0085 1 4880 19
85 arch0085 2 11250 34
85 arch0085 3 17550 55
85 arch0085 4 8200 29
85 arch0085 5 40050 110
85 arch0085 6 101200 215
85 arch0085 7 23000 88
85 arch0085 8 6450 29
86 arch0086 1 5900 21
86 arch0086 2 11000 29
86 arch0086 3 10480 36
86 arch0086 4 13520 47
86 arch0086 5 31250 108
86 arch0086 6 119500 220
86 arch0086 7 42500 97
86 arch0086 8 7400 34
87 arch0087 1 7360 25
87 arch0087 2 15780 42
87 arch0087 3 19250 59
87 arch0087 4 7680 27
87 arch0087 5 61050 138
87 arch0087 6 148000 246
87 arch0087 7 30900 103
87 arch0087 8 14500 49
88 arch0088 1 4620 18
88 arch0088 2 7120 23
88 arch0088 3 13550 44
88 arch0088 4 10800 36
88 arch0088 5 31800 102
88 arch0088 6 92000 193
88 arch0088 7 21400 81
88 arch0088 8 6000 28
89 arch0089 1 8980 27
89 arch0089 2 18000 48
89 arch0089 3 10200 35
89 arch0089 4 21700 61
89 arch0089 5 79250 225
89 arch0089 6 130000 240
89 arch0089 7 46500 126
89 arch0089 8 14150 54
90 arch0090 1 6250 22
90 arch0090 2 9480 28
90 arch0090 3 12800 43
90 arch0090 4 7850 25
90 arch0090 5 46500 116
90 arch0090 6 147000 228
90 arch0090 7 37000 92
90 arch0090 8 6900 33
91 arch0091 1 4880 20
91 arch0091 2 11150 34
91 arch0091 3 17650 56
91 arch0091 4 8000 29
91 arch0091 5 40900 110
91 arch0091 6 100500 212
91 arch0091 7 24000 89
91 arch0091 8 6400 30
92 arch0092 1 5900 21
92 arch0092 2 10800 28
92 arch0092 3 10400 36
92 arch0092 4 13600 46
92 arch0092 5 31500 108
92 arch0092 6 121000 220
92 arch0092 7 42300 96
92 arch0092 8 7500 34
93 arch0093 1 7550 24
93 arch0093 2 15800 42
93 arch0093 3 19400 59
93 arch0093 4 7800 28
93 arch0093 5 61500 142
93 arch0093 6 149500 250
93 arch0093 7 31000 105
93 arch0093 8 14550 50
94 arch0094 1 4500 18
94 arch0094 2 7000 22
94 arch0094 3 13250 44
94 arch0094 4 10700 36
94 arch0094 5 30800 98
94 arch0094 6 90500 187
94 arch0094 7 21500 81
94 arch0094 8 5900 27
95 arch0095 1 8900 27
95 arch0095 2 18400 47
95 arch0095 3 10250 35
95 arch0095 4 21700 59
95 arch0095 5 78800 222
95 arch0095 6 130000 240
95 arch0095 7 46600 127
95 arch0095 8 14100 51
96 arch0096 1 6300 21
96 arch0096 2 9480 29
96 arch0096 3 12650 42
96 arch0096 4 7800 25
96 arch0096 5 45800 116
96 arch0096 6 145000 226
96 arch0096 7 37000 94
96 arch0096 8 7000 32
97 arch0097 1 4920 20
97 arch0097 2 11200 34
97 arch0097 3 17600 56
97 arch0097 4 8050 28
97 arch0097 5 41000 112
97 arch0097 6 101500 210
97 arch0097 7 23900 89
97 arch0097 8 6400 30
98 arch0098 1 5840 21
98 arch0098 2 10900 29
98 arch0098 3 10400 37
98 arch0098 4 13500 46
98 arch0098 5 31000 108
98 arch0098 6 120000 220
98 arch0098 7 42000 96
98 arch0098 8 7300 33
99 arch0099 1 7580 24
99 arch0099 2 15850 42
99 arch0099 3 19250 58
99 arch0099 4 7700 28
99 arch0099 5 61250 140
99 arch0099 6 148000 245
99 arch0099 7 30800 103
99 arch0099 8 14400 50
100 arch0100 1 4580 18
100 arch0100 2 7080 23
100 arch0100 3 13550 44
100 arch0100 4 10800 36
100 arch0100 5 31000 102
100 arch0100 6 91000 192
100 arch0100 7 21500 82
100 arch0100 8 6000 29
