1 p93791 1 409 292
1 p93791 2 192 3
1 p93791 3 648 3
1 p93791 4 11 8
1 p93791 5 6127 8
1 p93791 6 218 1040
1 p93791 7 177 2
1 p93791 8 177 2
1 p93791 9 192 3
1 p93791 10 1164 13
1 p93791 11 187 82
1 p93791 12 391 186
1 p93791 13 194 413
1 p93791 14 194 413
1 p93791 15 288 3
1 p93791 16 396 7
1 p93791 17 216 298
1 p93791 18 42 4
1 p93791 19 210 196
1 p93791 20 416 336
1 p93791 21 42 4
1 p93791 22 42 3
1 p93791 23 234 341
1 p93791 24 3072 1
1 p93791 25 2688 2
1 p93791 26 96 3
1 p93791 27 916 135
1 p93791 28 396 5
1 p93791 29 172 371
1 p93791 30 192 3
1 p93791 31 204 7
1 p93791 32 3084 13
2 q600549 1 935 27
2 q600549 2 1313 9
2 q600549 3 1022 32
2 q600549 4 2681 32
2 q600549 5 2280 19
2 q600549 6 2940 24
2 q600549 7 21518 138
2 q600549 8 11485 43
2 q600549 9 7407 41
2 q600549 10 21140 63
2 q600549 11 19195 110
2 q600549 12 53940 432
2 q600549 13 28509 132
2 q600549 14 70546 251
2 q600549 15 40267 337
2 q600549 16 68992 292
2 q600549 17 19448 137
2 q600549 18 9618 50
2 q600549 19 9566 52
2 q600549 20 30133 163
2 q600549 21 110565 271
2 q600549 22 63514 263
2 q600549 23 66125 190
2 q600549 24 23952 191
2 q600549 25 30850 110
2 q600549 26 25090 95
2 q600549 27 28876 204
2 q600549 28 79254 447
2 q600549 29 55419 285
2 q600549 30 108360 1022
2 q600549 31 29946 128
2 q600549 32 54421 297
3 d621854 1 728 26
3 d621854 2 6814 51
3 d621854 3 5019 39
3 d621854 4 7806 84
3 d621854 5 3268 64
3 d621854 6 8070 38
3 d621854 7 8248 68
3 d621854 8 27728 144
3 d621854 9 30816 289
3 d621854 10 28160 242
3 d621854 11 13530 57
3 d621854 12 5708 60
3 d621854 13 38675 124
3 d621854 14 36953 98
3 d621854 15 29620 149
3 d621854 16 15386 63
3 d621854 17 100640 575
3 d621854 18 26736 98
3 d621854 19 87894 224
3 d621854 20 28360 145
3 d621854 21 116298 283
3 d621854 22 85910 341
3 d621854 23 35776 134
3 d621854 24 45160 172
3 d621854 25 49758 184
3 d621854 26 19023 107
3 d621854 27 48424 184
3 d621854 28 25060 194
3 d621854 29 18531 86
3 d621854 30 43530 221
3 d621854 31 68990 189
3 d621854 32 102400 317
4 l899236 1 1216 27
4 l899236 2 11574 63
4 l899236 3 6762 59
4 l899236 4 7412 30
4 l899236 5 10325 44
4 l899236 6 11763 75
4 l899236 7 3887 59
4 l899236 8 7728 35
4 l899236 9 6885 49
4 l899236 10 24815 88
4 l899236 11 13460 88
4 l899236 12 49560 168
4 l899236 13 36725 285
4 l899236 14 22087 135
4 l899236 15 28470 138
4 l899236 16 5968 84
4 l899236 17 13353 74
4 l899236 18 13260 73
4 l899236 19 41952 356
4 l899236 20 49720 172
4 l899236 21 51754 198
4 l899236 22 18370 158
4 l899236 23 34810 138
4 l899236 24 36512 178
4 l899236 25 45112 155
4 l899236 26 117780 427
4 l899236 27 88209 344
4 l899236 28 46480 162
4 l899236 29 23200 112
4 l899236 30 14020 109
4 l899236 31 65255 321
4 l899236 32 42773 215
5 w127122 1 1208 19
5 w127122 2 1950 29
5 w127122 3 6381 44
5 w127122 4 8982 37
5 w127122 5 12180 51
5 w127122 6 26112 104
5 w127122 7 13524 77
5 w127122 8 32816 90
5 w127122 9 21514 91
5 w127122 10 26280 90
5 w127122 11 9520 96
5 w127122 12 63696 304
5 w127122 13 40469 188
5 w127122 14 5236 57
5 w127122 15 29355 89
5 w127122 16 31584 117
5 w127122 17 23516 250
5 w127122 18 88218 798
5 w127122 19 99693 272
5 w127122 20 73360 232
5 w127122 21 38129 147
5 w127122 22 97790 264
5 w127122 23 22758 116
5 w127122 24 37384 153
5 w127122 25 54250 263
5 w127122 26 124124 313
5 w127122 27 47349 179
5 w127122 28 39200 297
5 w127122 29 66990 181
5 w127122 30 21105 99
5 w127122 31 10643 82
5 w127122 32 23616 114
6 q994506 1 1235 30
6 q994506 2 10098 44
6 q994506 3 4434 32
6 q994506 4 2900 26
6 q994506 5 3605 65
6 q994506 6 13092 119
6 q994506 7 6822 72
6 q994506 8 22664 67
6 q994506 9 34272 142
6 q994506 10 13533 51
6 q994506 11 12749 136
6 q994506 12 19832 121
6 q994506 13 39806 159
6 q994506 14 9935 60
6 q994506 15 35550 142
6 q994506 16 43920 247
6 q994506 17 45772 191
6 q994506 18 43452 127
6 q994506 19 106020 503
6 q994506 20 35980 154
6 q994506 21 24664 145
6 q994506 22 64108 182
6 q994506 23 46736 149
6 q994506 24 42312 246
6 q994506 25 57225 250
6 q994506 26 38150 127
6 q994506 27 59589 347
6 q994506 28 79114 594
6 q994506 29 42378 317
6 q994506 30 44820 250
6 q994506 31 38068 204
6 q994506 32 49440 477
7 b516226 1 1122 19
7 b516226 2 5775 63
7 b516226 3 1232 39
7 b516226 4 11720 62
7 b516226 5 2988 67
7 b516226 6 15186 78
7 b516226 7 9373 89
7 b516226 8 36736 186
7 b516226 9 13716 71
7 b516226 10 5150 67
7 b516226 11 5683 58
7 b516226 12 50472 198
7 b516226 13 21250 220
7 b516226 14 17850 93
7 b516226 15 62580 247
7 b516226 16 95696 759
7 b516226 17 54740 156
7 b516226 18 18198 82
7 b516226 19 73587 180
7 b516226 20 25460 135
7 b516226 21 32284 149
7 b516226 22 91982 551
7 b516226 23 52739 151
7 b516226 24 50064 370
7 b516226 25 22362 112
7 b516226 26 42393 389
7 b516226 27 35667 170
7 b516226 28 85372 547
7 b516226 29 116232 379
7 b516226 30 142740 425
7 b516226 31 53971 184
7 b516226 32 101440 383
8 p817535 1 784 21
8 p817535 2 2333 31
8 p817535 3 15429 51
8 p817535 4 7154 35
8 p817535 5 14687 52
8 p817535 6 34296 125
8 p817535 7 4851 36
8 p817535 8 22612 164
8 p817535 9 34596 153
8 p817535 10 27620 93
8 p817535 11 17600 136
8 p817535 12 12492 77
8 p817535 13 31700 160
8 p817535 14 13659 60
8 p817535 15 28912 109
8 p817535 16 10680 82
8 p817535 17 71621 633
8 p817535 18 21942 97
8 p817535 19 37284 141
8 p817535 20 50630 161
8 p817535 21 50452 363
8 p817535 22 20218 105
8 p817535 23 23287 103
8 p817535 24 70356 287
8 p817535 25 43375 229
8 p817535 26 96408 609
8 p817535 27 25231 120
8 p817535 28 36698 130
8 p817535 29 150974 411
8 p817535 30 104580 261
8 p817535 31 24138 142
8 p817535 32 86640 306
9 z756825 1 1379 31
9 z756825 2 1263 12
9 z756825 3 6483 39
9 z756825 4 4144 39
9 z756825 5 7610 35
9 z756825 6 5292 57
9 z756825 7 5406 49
9 z756825 8 12752 61
9 z756825 9 49239 198
9 z756825 10 16280 107
9 z756825 11 20742 75
9 z756825 12 27288 110
9 z756825 13 24232 96
9 z756825 14 18816 82
9 z756825 15 79305 535
9 z756825 16 47096 219
9 z756825 17 26061 100
9 z756825 18 24540 112
9 z756825 19 66804 335
9 z756825 20 102560 562
9 z756825 21 40607 146
9 z756825 22 43780 157
9 z756825 23 21022 89
9 z756825 24 56352 245
9 z756825 25 42058 120
9 z756825 26 66703 234
9 z756825 27 68971 222
9 z756825 28 35056 181
9 z756825 29 36810 116
9 z756825 30 101580 302
9 z756825 31 75237 330
9 z756825 32 11914 92
10 t982503 1 1017 17
10 t982503 2 1208 20
10 t982503 3 7621 55
10 t982503 4 3586 44
10 t982503 5 6500 37
10 t982503 6 2982 39
10 t982503 7 3805 42
10 t982503 8 21868 91
10 t982503 9 16560 77
10 t982503 10 8883 48
10 t982503 11 31581 100
10 t982503 12 16412 69
10 t982503 13 48360 245
10 t982503 14 9583 40
10 t982503 15 7725 66
10 t982503 16 68432 335
10 t982503 17 76840 449
10 t982503 18 22836 114
10 t982503 19 49010 302
10 t982503 20 16960 67
10 t982503 21 89145 250
10 t982503 22 55000 182
10 t982503 23 13121 65
10 t982503 24 16548 85
10 t982503 25 102525 827
10 t982503 26 31936 123
10 t982503 27 50940 188
10 t982503 28 70560 192
10 t982503 29 133690 885
10 t982503 30 39525 411
10 t982503 31 42160 168
10 t982503 32 75856 276
11 s296386 1 942 16
11 s296386 2 1759 47
11 s296386 3 1851 26
11 s296386 4 7893 58
11 s296386 5 25260 101
11 s296386 6 20166 208
11 s296386 7 3726 36
11 s296386 8 6712 68
11 s296386 9 17541 104
11 s296386 10 11653 71
11 s296386 11 22038 160
11 s296386 12 5984 31
11 s296386 13 6231 53
11 s296386 14 15302 70
11 s296386 15 9705 46
11 s296386 16 11365 75
11 s296386 17 70465 224
11 s296386 18 32898 117
11 s296386 19 37743 164
11 s296386 20 21073 203
11 s296386 21 46788 154
11 s296386 22 19044 76
11 s296386 23 22417 91
11 s296386 24 48996 173
11 s296386 25 52600 170
11 s296386 26 43667 212
11 s296386 27 45927 175
11 s296386 28 38304 167
11 s296386 29 10556 86
11 s296386 30 42705 210
11 s296386 31 86877 915
11 s296386 32 78096 236
12 d382661 1 1054 19
12 d382661 2 1952 29
12 d382661 3 17886 56
12 d382661 4 6724 48
12 d382661 5 4821 31
12 d382661 6 20814 81
12 d382661 7 14511 124
12 d382661 8 11280 85
12 d382661 9 5352 63
12 d382661 10 8353 66
12 d382661 11 5338 33
12 d382661 12 8696 66
12 d382661 13 17797 114
12 d382661 14 29750 131
12 d382661 15 10105 72
12 d382661 16 26549 110
12 d382661 17 33784 100
12 d382661 18 18720 101
12 d382661 19 23883 137
12 d382661 20 85080 394
12 d382661 21 32949 158
12 d382661 22 52690 177
12 d382661 23 85445 816
12 d382661 24 103824 284
12 d382661 25 71650 210
12 d382661 26 44087 331
12 d382661 27 38169 177
12 d382661 28 108332 452
12 d382661 29 33799 177
12 d382661 30 67230 219
12 d382661 31 81979 483
12 d382661 32 88672 234
13 r392296 1 1247 32
13 r392296 2 910 24
13 r392296 3 7942 67
13 r392296 4 7170 43
13 r392296 5 9828 79
13 r392296 6 6736 62
13 r392296 7 12309 57
13 r392296 8 23524 99
13 r392296 9 8496 55
13 r392296 10 8670 53
13 r392296 11 36542 168
13 r392296 12 23056 87
13 r392296 13 25935 78
13 r392296 14 15218 114
13 r392296 15 87900 210
13 r392296 16 20672 102
13 r392296 17 27596 100
13 r392296 18 18570 71
13 r392296 19 28721 102
13 r392296 20 33860 189
13 r392296 21 38584 117
13 r392296 22 24728 128
13 r392296 23 17518 107
13 r392296 24 40260 308
13 r392296 25 9566 75
13 r392296 26 16761 85
13 r392296 27 16929 102
13 r392296 28 29661 189
13 r392296 29 80997 577
13 r392296 30 81120 840
13 r392296 31 98859 289
13 r392296 32 50592 318
14 e973311 1 1321 31
14 e973311 2 7804 49
14 e973311 3 14505 61
14 e973311 4 6994 53
14 e973311 5 10600 37
14 e973311 6 9364 46
14 e973311 7 18214 131
14 e973311 8 16752 76
14 e973311 9 23868 90
14 e973311 10 6536 99
14 e973311 11 60159 256
14 e973311 12 57480 136
14 e973311 13 33332 118
14 e973311 14 82824 274
14 e973311 15 81060 567
14 e973311 16 21658 134
14 e973311 17 27421 89
14 e973311 18 13926 94
14 e973311 19 24567 254
14 e973311 20 38700 124
14 e973311 21 89208 245
14 e973311 22 45144 359
14 e973311 23 106145 598
14 e973311 24 68244 197
14 e973311 25 40925 151
14 e973311 26 44876 170
14 e973311 27 25686 218
14 e973311 28 9902 97
14 e973311 29 85318 220
14 e973311 30 13090 89
14 e973311 31 47523 458
14 e973311 32 30224 148
15 d750795 1 686 9
15 d750795 2 2892 21
15 d750795 3 2722 34
15 d750795 4 18700 83
15 d750795 5 5301 76
15 d750795 6 8286 38
15 d750795 7 17388 74
15 d750795 8 10528 86
15 d750795 9 15678 47
15 d750795 10 10560 76
15 d750795 11 11132 65
15 d750795 12 5272 36
15 d750795 13 35984 291
15 d750795 14 40544 188
15 d750795 15 10350 69
15 d750795 16 19856 186
15 d750795 17 57409 172
15 d750795 18 38367 149
15 d750795 19 17185 134
15 d750795 20 21540 180
15 d750795 21 49077 326
15 d750795 22 32105 114
15 d750795 23 38939 169
15 d750795 24 43584 117
15 d750795 25 48025 154
15 d750795 26 22767 161
15 d750795 27 18927 149
15 d750795 28 10136 77
15 d750795 29 42543 144
15 d750795 30 71025 233
15 d750795 31 58838 310
15 d750795 32 187104 517
16 t665805 1 1257 21
16 t665805 2 4710 19
16 t665805 3 4794 22
16 t665805 4 5168 39
16 t665805 5 17635 176
16 t665805 6 8688 34
16 t665805 7 37184 131
16 t665805 8 44984 150
16 t665805 9 20763 108
16 t665805 10 16900 57
16 t665805 11 20573 132
16 t665805 12 51072 302
16 t665805 13 34229 127
16 t665805 14 14126 65
16 t665805 15 26275 88
16 t665805 16 70768 486
16 t665805 17 13685 79
16 t665805 18 21348 118
16 t665805 19 45267 144
16 t665805 20 11990 73
16 t665805 21 62359 194
16 t665805 22 10640 84
16 t665805 23 39203 130
16 t665805 24 17340 100
16 t665805 25 46037 251
16 t665805 26 76427 211
16 t665805 27 78246 232
16 t665805 28 23968 115
16 t665805 29 46032 142
16 t665805 30 48150 329
16 t665805 31 61891 178
16 t665805 32 16992 168
17 i733350 1 575 22
17 i733350 2 2522 16
17 i733350 3 5521 53
17 i733350 4 10376 72
17 i733350 5 14210 57
17 i733350 6 6966 65
17 i733350 7 24591 109
17 i733350 8 18520 188
17 i733350 9 10179 81
17 i733350 10 12090 61
17 i733350 11 20559 99
17 i733350 12 10644 112
17 i733350 13 14176 71
17 i733350 14 12061 93
17 i733350 15 16290 146
17 i733350 16 63184 243
17 i733350 17 31866 273
17 i733350 18 26343 196
17 i733350 19 29374 144
17 i733350 20 16833 77
17 i733350 21 39907 241
17 i733350 22 44935 134
17 i733350 23 125833 519
17 i733350 24 28592 154
17 i733350 25 105550 1030
17 i733350 26 25337 239
17 i733350 27 141804 459
17 i733350 28 107156 273
17 i733350 29 89697 304
17 i733350 30 35020 203
17 i733350 31 73098 245
17 i733350 32 22250 90
18 v776124 1 816 22
18 v776124 2 3994 17
18 v776124 3 4989 59
18 v776124 4 5324 47
18 v776124 5 2685 33
18 v776124 6 10224 58
18 v776124 7 3089 45
18 v776124 8 12084 80
18 v776124 9 11380 90
18 v776124 10 54900 178
18 v776124 11 8508 36
18 v776124 12 20646 111
18 v776124 13 55159 312
18 v776124 14 54684 153
18 v776124 15 75615 410
18 v776124 16 15562 71
18 v776124 17 24973 118
18 v776124 18 54054 167
18 v776124 19 47329 141
18 v776124 20 10430 57
18 v776124 21 30492 186
18 v776124 22 55814 169
18 v776124 23 53705 196
18 v776124 24 60624 209
18 v776124 25 56212 200
18 v776124 26 75179 210
18 v776124 27 47844 204
18 v776124 28 69174 216
18 v776124 29 69948 220
18 v776124 30 39870 162
18 v776124 31 63240 334
18 v776124 32 164832 388
19 e107676 1 657 13
19 e107676 2 1063 37
19 e107676 3 6679 43
19 e107676 4 2114 40
19 e107676 5 16115 100
19 e107676 6 15804 59
19 e107676 7 8024 36
19 e107676 8 7538 40
19 e107676 9 41418 120
19 e107676 10 6785 36
19 e107676 11 7601 51
19 e107676 12 23574 161
19 e107676 13 34463 171
19 e107676 14 9065 59
19 e107676 15 76485 507
19 e107676 16 20280 198
19 e107676 17 24310 214
19 e107676 18 35847 177
19 e107676 19 19826 85
19 e107676 20 53800 187
19 e107676 21 40845 127
19 e107676 22 65472 252
19 e107676 23 98003 847
19 e107676 24 26256 109
19 e107676 25 39475 203
19 e107676 26 15236 123
19 e107676 27 131463 498
19 e107676 28 39802 329
19 e107676 29 68005 495
19 e107676 30 152190 707
19 e107676 31 20506 138
19 e107676 32 35840 137
20 h212822 1 1181 34
20 h212822 2 1313 20
20 h212822 3 4888 28
20 h212822 4 5590 64
20 h212822 5 13532 83
20 h212822 6 16047 108
20 h212822 7 10976 75
20 h212822 8 39272 234
20 h212822 9 13584 64
20 h212822 10 45450 161
20 h212822 11 16426 76
20 h212822 12 13528 62
20 h212822 13 56706 506
20 h212822 14 24752 112
20 h212822 15 43417 161
20 h212822 16 9488 82
20 h212822 17 34527 115
20 h212822 18 25902 236
20 h212822 19 86868 701
20 h212822 20 49590 198
20 h212822 21 14164 97
20 h212822 22 57607 296
20 h212822 23 85123 550
20 h212822 24 139944 435
20 h212822 25 28725 113
20 h212822 26 153478 502
20 h212822 27 29470 152
20 h212822 28 81228 300
20 h212822 29 35003 136
20 h212822 30 40395 208
20 h212822 31 38698 147
20 h212822 32 55829 168
21 w782942 1 1472 43
21 w782942 2 1131 34
21 w782942 3 1645 33
21 w782942 4 5654 48
21 w782942 5 3988 47
21 w782942 6 27654 100
21 w782942 7 13818 41
21 w782942 8 2725 40
21 w782942 9 15744 171
21 w782942 10 7596 49
21 w782942 11 10739 67
21 w782942 12 33588 88
21 w782942 13 16952 80
21 w782942 14 23534 150
21 w782942 15 11195 116
21 w782942 16 91920 844
21 w782942 17 38063 156
21 w782942 18 29640 136
21 w782942 19 22147 197
21 w782942 20 108880 718
21 w782942 21 52227 146
21 w782942 22 10890 64
21 w782942 23 64227 221
21 w782942 24 85320 287
21 w782942 25 47966 174
21 w782942 26 24292 122
21 w782942 27 39217 148
21 w782942 28 105616 295
21 w782942 29 39295 423
21 w782942 30 40830 143
21 w782942 31 19054 99
21 w782942 32 23888 112
22 p598455 1 1039 24
22 p598455 2 2703 49
22 p598455 3 1113 21
22 p598455 4 9192 50
22 p598455 5 9373 96
22 p598455 6 18528 117
22 p598455 7 5805 91
22 p598455 8 4077 54
22 p598455 9 6835 72
22 p598455 10 29775 143
22 p598455 11 8499 92
22 p598455 12 15636 87
22 p598455 13 33520 133
22 p598455 14 15600 70
22 p598455 15 47055 141
22 p598455 16 30336 113
22 p598455 17 65569 175
22 p598455 18 21636 206
22 p598455 19 75354 349
22 p598455 20 23073 118
22 p598455 21 30859 148
22 p598455 22 12151 79
22 p598455 23 12818 72
22 p598455 24 41280 256
22 p598455 25 49550 178
22 p598455 26 36998 195
22 p598455 27 64422 237
22 p598455 28 82684 251
22 p598455 29 56724 495
22 p598455 30 50055 185
22 p598455 31 23487 186
22 p598455 32 50432 226
23 i932214 1 761 29
23 i932214 2 2902 42
23 i932214 3 7080 24
23 i932214 4 21224 78
23 i932214 5 17420 59
23 i932214 6 11478 103
23 i932214 7 4515 34
23 i932214 8 7520 68
23 i932214 9 7557 62
23 i932214 10 6025 49
23 i932214 11 11810 112
23 i932214 12 9896 39
23 i932214 13 59241 202
23 i932214 14 47880 230
23 i932214 15 31162 260
23 i932214 16 65472 298
23 i932214 17 28860 155
23 i932214 18 84618 228
23 i932214 19 10032 120
23 i932214 20 49300 296
23 i932214 21 41916 214
23 i932214 22 131890 863
23 i932214 23 43600 143
23 i932214 24 28256 116
23 i932214 25 28958 135
23 i932214 26 47541 161
23 i932214 27 52002 334
23 i932214 28 103964 493
23 i932214 29 45095 221
23 i932214 30 82110 484
23 i932214 31 35433 119
23 i932214 32 42752 413
24 o169257 1 1450 36
24 o169257 2 6762 60
24 o169257 3 8769 54
24 o169257 4 2410 34
24 o169257 5 9367 41
24 o169257 6 18810 67
24 o169257 7 6087 49
24 o169257 8 17136 162
24 o169257 9 26554 115
24 o169257 10 47750 397
24 o169257 11 53141 401
24 o169257 12 53712 185
24 o169257 13 13305 109
24 o169257 14 72716 356
24 o169257 15 28867 109
24 o169257 16 70496 249
24 o169257 17 24582 107
24 o169257 18 7794 74
24 o169257 19 35897 152
24 o169257 20 22370 212
24 o169257 21 18259 80
24 o169257 22 14091 94
24 o169257 23 17181 79
24 o169257 24 33888 294
24 o169257 25 30537 115
24 o169257 26 9438 108
24 o169257 27 137376 401
24 o169257 28 30277 103
24 o169257 29 39498 244
24 o169257 30 174900 490
24 o169257 31 172980 634
24 o169257 32 23850 150
25 j233222 1 1335 30
25 j233222 2 2363 52
25 j233222 3 5850 47
25 j233222 4 7602 55
25 j233222 5 27760 74
25 j233222 6 10856 50
25 j233222 7 8456 36
25 j233222 8 40672 279
25 j233222 9 6708 48
25 j233222 10 9923 64
25 j233222 11 9786 58
25 j233222 12 17664 80
25 j233222 13 38051 118
25 j233222 14 17829 134
25 j233222 15 50175 220
25 j233222 16 69136 321
25 j233222 17 12971 54
25 j233222 18 31632 127
25 j233222 19 21916 120
25 j233222 20 103580 288
25 j233222 21 121569 1033
25 j233222 22 30118 93
25 j233222 23 46644 204
25 j233222 24 60900 555
25 j233222 25 18783 81
25 j233222 26 95212 705
25 j233222 27 35370 196
25 j233222 28 68012 194
25 j233222 29 72297 460
25 j233222 30 39480 432
25 j233222 31 104842 1010
25 j233222 32 27445 130
26 y672675 1 1395 25
26 y672675 2 4410 45
26 y672675 3 4213 47
26 y672675 4 7840 41
26 y672675 5 14475 61
26 y672675 6 10410 68
26 y672675 7 20321 126
26 y672675 8 11184 43
26 y672675 9 41211 126
26 y672675 10 43200 292
26 y672675 11 10981 151
26 y672675 12 14496 154
26 y672675 13 27722 92
26 y672675 14 27440 269
26 y672675 15 72555 563
26 y672675 16 54832 347
26 y672675 17 23341 127
26 y672675 18 10596 108
26 y672675 19 82517 346
26 y672675 20 37726 131
26 y672675 21 16296 90
26 y672675 22 44110 155
26 y672675 23 19718 101
26 y672675 24 42128 273
26 y672675 25 18487 193
26 y672675 26 153868 660
26 y672675 27 80230 246
26 y672675 28 31346 134
26 y672675 29 171390 1247
26 y672675 30 65970 247
26 y672675 31 39447 161
26 y672675 32 37824 132
27 n267862 1 888 13
27 n267862 2 1356 30
27 n267862 3 5277 48
27 n267862 4 3966 29
27 n267862 5 12120 78
27 n267862 6 27354 109
27 n267862 7 24059 107
27 n267862 8 23452 90
27 n267862 9 24772 92
27 n267862 10 22890 99
27 n267862 11 7144 64
27 n267862 12 50712 298
27 n267862 13 23725 108
27 n267862 14 16487 91
27 n267862 15 21960 87
27 n267862 16 36352 129
27 n267862 17 49521 278
27 n267862 18 78102 665
27 n267862 19 89547 344
27 n267862 20 29200 226
27 n267862 21 98595 856
27 n267862 22 9042 63
27 n267862 23 84433 770
27 n267862 24 68904 219
27 n267862 25 145800 919
27 n267862 26 46527 140
27 n267862 27 32994 182
27 n267862 28 29194 124
27 n267862 29 43210 279
27 n267862 30 132120 1103
27 n267862 31 54699 212
27 n267862 32 11808 170
28 y154439 1 593 38
28 y154439 2 3621 36
28 y154439 3 4416 18
28 y154439 4 16352 63
28 y154439 5 3256 44
28 y154439 6 11282 122
28 y154439 7 7868 82
28 y154439 8 18272 91
28 y154439 9 7950 65
28 y154439 10 4456 53
28 y154439 11 30426 141
28 y154439 12 17814 76
28 y154439 13 5247 66
28 y154439 14 60522 260
28 y154439 15 75015 234
28 y154439 16 45312 173
28 y154439 17 25517 118
28 y154439 18 31560 126
28 y154439 19 60743 165
28 y154439 20 37006 173
28 y154439 21 123564 544
28 y154439 22 121110 379
28 y154439 23 17119 97
28 y154439 24 17772 158
28 y154439 25 46925 228
28 y154439 26 35689 277
28 y154439 27 83538 313
28 y154439 28 31892 166
28 y154439 29 67831 198
28 y154439 30 66105 511
28 y154439 31 42180 269
28 y154439 32 36880 416
29 s984483 1 1383 18
29 s984483 2 3450 28
29 s984483 3 14982 90
29 s984483 4 5006 58
29 s984483 5 9870 60
29 s984483 6 11817 67
29 s984483 7 8782 50
29 s984483 8 10676 89
29 s984483 9 16548 76
29 s984483 10 52610 192
29 s984483 11 30976 207
29 s984483 12 66900 244
29 s984483 13 67522 372
29 s984483 14 7205 48
29 s984483 15 13125 76
29 s984483 16 42112 155
29 s984483 17 44480 170
29 s984483 18 106686 265
29 s984483 19 46721 131
29 s984483 20 23660 143
29 s984483 21 25263 129
29 s984483 22 49390 147
29 s984483 23 20439 90
29 s984483 24 26268 126
29 s984483 25 12866 63
29 s984483 26 94250 322
29 s984483 27 54324 169
29 s984483 28 120736 406
29 s984483 29 47748 331
29 s984483 30 42720 163
29 s984483 31 56213 432
29 s984483 32 56992 190
30 v683581 1 898 14
30 v683581 2 3258 27
30 v683581 3 1654 16
30 v683581 4 15940 54
30 v683581 5 9555 132
30 v683581 6 10215 74
30 v683581 7 20576 93
30 v683581 8 7952 55
30 v683581 9 52389 203
30 v683581 10 12853 65
30 v683581 11 28204 94
30 v683581 12 4672 32
30 v683581 13 6855 52
30 v683581 14 23328 126
30 v683581 15 65055 169
30 v683581 16 27952 256
30 v683581 17 23307 96
30 v683581 18 47880 188
30 v683581 19 37952 138
30 v683581 20 25290 143
30 v683581 21 83370 244
30 v683581 22 39064 288
30 v683581 23 32338 244
30 v683581 24 42664 396
30 v683581 25 14533 87
30 v683581 26 95602 495
30 v683581 27 19962 141
30 v683581 28 110572 305
30 v683581 29 33118 173
30 v683581 30 59190 199
30 v683581 31 114483 273
30 v683581 32 159008 579
31 z909180 1 1389 42
31 z909180 2 1052 24
31 z909180 3 8412 76
31 z909180 4 8544 94
31 z909180 5 17430 101
31 z909180 6 8298 90
31 z909180 7 30079 218
31 z909180 8 18904 84
31 z909180 9 50850 184
31 z909180 10 25640 106
31 z909180 11 19968 134
31 z909180 12 69828 186
31 z909180 13 13663 62
31 z909180 14 30681 284
31 z909180 15 40920 156
31 z909180 16 36176 110
31 z909180 17 73236 201
31 z909180 18 46602 177
31 z909180 19 30064 164
31 z909180 20 21293 113
31 z909180 21 17430 81
31 z909180 22 56870 484
31 z909180 23 82662 782
31 z909180 24 10472 115
31 z909180 25 14987 141
31 z909180 26 45292 489
31 z909180 27 60088 186
31 z909180 28 145964 629
31 z909180 29 53659 269
31 z909180 30 41145 185
31 z909180 31 10374 78
31 z909180 32 48208 298
32 u139703 1 572 17
32 u139703 2 2249 17
32 u139703 3 9480 54
32 u139703 4 16580 100
32 u139703 5 20040 117
32 u139703 6 29808 297
32 u139703 7 16352 59
32 u139703 8 21332 114
32 u139703 9 20659 97
32 u139703 10 38810 190
32 u139703 11 25080 114
32 u139703 12 54720 226
32 u139703 13 31947 112
32 u139703 14 28098 92
32 u139703 15 43327 255
32 u139703 16 62208 267
32 u139703 17 17459 187
32 u139703 18 33084 125
32 u139703 19 15934 95
32 u139703 20 7220 58
32 u139703 21 65016 677
32 u139703 22 89716 219
32 u139703 23 49358 151
32 u139703 24 31080 225
32 u139703 25 37137 139
32 u139703 26 87100 623
32 u139703 27 46692 304
32 u139703 28 79674 216
32 u139703 29 27796 182
32 u139703 30 43020 335
32 u139703 31 53258 178
32 u139703 32 89136 219
33 h998537 1 985 35
33 h998537 2 8964 35
33 h998537 3 4088 47
33 h998537 4 3966 19
33 h998537 5 22810 105
33 h998537 6 7898 64
33 h998537 7 5604 69
33 h998537 8 46512 205
33 h998537 9 6300 47
33 h998537 10 15443 142
33 h998537 11 43571 261
33 h998537 12 12728 83
33 h998537 13 58669 218
33 h998537 14 59444 324
33 h998537 15 24605 89
33 h998537 16 8920 55
33 h998537 17 17107 103
33 h998537 18 45414 227
33 h998537 19 40774 219
33 h998537 20 48060 219
33 h998537 21 102774 448
33 h998537 22 26326 206
33 h998537 23 31663 131
33 h998537 24 109248 436
33 h998537 25 42750 224
33 h998537 26 56368 210
33 h998537 27 43834 223
33 h998537 28 22773 141
33 h998537 29 45510 306
33 h998537 30 20390 105
33 h998537 31 51346 282
33 h998537 32 28597 138
34 x576247 1 978 34
34 x576247 2 836 18
34 x576247 3 5805 30
34 x576247 4 2480 31
34 x576247 5 5480 46
34 x576247 6 31290 203
34 x576247 7 5924 47
34 x576247 8 35016 169
34 x576247 9 16771 71
34 x576247 10 13125 103
34 x576247 11 44055 230
34 x576247 12 16180 81
34 x576247 13 43459 307
34 x576247 14 23394 189
34 x576247 15 12615 56
34 x576247 16 30149 89
34 x576247 17 33099 111
34 x576247 18 56106 192
34 x576247 19 27714 98
34 x576247 20 23353 273
34 x576247 21 77763 584
34 x576247 22 46684 196
34 x576247 23 68482 623
34 x576247 24 11112 58
34 x576247 25 36900 140
34 x576247 26 113230 568
34 x576247 27 20475 101
34 x576247 28 44380 226
34 x576247 29 169969 555
34 x576247 30 18020 130
34 x576247 31 36394 133
34 x576247 32 15701 98
35 g731320 1 1227 19
35 g731320 2 4879 61
35 g731320 3 7453 45
35 g731320 4 2112 27
35 g731320 5 9425 80
35 g731320 6 11532 65
35 g731320 7 15571 69
35 g731320 8 15362 64
35 g731320 9 15061 173
35 g731320 10 58320 169
35 g731320 11 15158 124
35 g731320 12 7596 53
35 g731320 13 19383 74
35 g731320 14 21438 126
35 g731320 15 21750 128
35 g731320 16 9040 53
35 g731320 17 59789 158
35 g731320 18 51966 167
35 g731320 19 23788 153
35 g731320 20 14830 165
35 g731320 21 44572 205
35 g731320 22 39908 202
35 g731320 23 112884 584
35 g731320 24 33656 256
35 g731320 25 32600 336
35 g731320 26 17641 115
35 g731320 27 52650 553
35 g731320 28 36526 143
35 g731320 29 10420 78
35 g731320 30 141300 545
35 g731320 31 39277 160
35 g731320 32 82752 338
36 e567790 1 992 38
36 e567790 2 3502 21
36 e567790 3 7711 63
36 e567790 4 21616 73
36 e567790 5 9390 58
36 e567790 6 9056 49
36 e567790 7 9744 126
36 e567790 8 7517 53
36 e567790 9 35514 159
36 e567790 10 27500 99
36 e567790 11 4216 45
36 e567790 12 6690 72
36 e567790 13 8467 65
36 e567790 14 69342 197
36 e567790 15 81825 275
36 e567790 16 17226 89
36 e567790 17 56865 342
36 e567790 18 22491 123
36 e567790 19 75924 289
36 e567790 20 17480 110
36 e567790 21 52552 155
36 e567790 22 37532 398
36 e567790 23 34868 214
36 e567790 24 30792 166
36 e567790 25 136025 379
36 e567790 26 34770 109
36 e567790 27 40230 326
36 e567790 28 40236 146
36 e567790 29 51078 426
36 e567790 30 80100 243
36 e567790 31 76585 300
36 e567790 32 31824 138
37 f939264 1 1354 11
37 f939264 2 5700 44
37 f939264 3 8617 66
37 f939264 4 6186 30
37 f939264 5 5567 29
37 f939264 6 17202 66
37 f939264 7 14147 149
37 f939264 8 10381 62
37 f939264 9 10935 48
37 f939264 10 41400 255
37 f939264 11 7001 44
37 f939264 12 9726 66
37 f939264 13 21549 145
37 f939264 14 19096 90
37 f939264 15 6320 49
37 f939264 16 25082 90
37 f939264 17 19346 135
37 f939264 18 94356 772
37 f939264 19 20209 120
37 f939264 20 7106 90
37 f939264 21 23730 89
37 f939264 22 24332 105
37 f939264 23 51497 339
37 f939264 24 33624 169
37 f939264 25 68887 203
37 f939264 26 155194 1053
37 f939264 27 108054 1106
37 f939264 28 42690 174
37 f939264 29 84564 230
37 f939264 30 69330 192
37 f939264 31 34208 130
37 f939264 32 145056 359
38 q199782 1 836 26
38 q199782 2 916 17
38 q199782 3 6856 60
38 q199782 4 1333 36
38 q199782 5 11295 76
38 q199782 6 16221 75
38 q199782 7 41874 227
38 q199782 8 4320 38
38 q199782 9 16650 66
38 q199782 10 18976 80
38 q199782 11 60203 154
38 q199782 12 19068 106
38 q199782 13 36751 138
38 q199782 14 75054 352
38 q199782 15 17035 108
38 q199782 16 45544 131
38 q199782 17 6006 78
38 q199782 18 49590 281
38 q199782 19 21805 78
38 q199782 20 46060 170
38 q199782 21 9485 53
38 q199782 22 20460 135
38 q199782 23 17602 98
38 q199782 24 117624 397
38 q199782 25 67450 188
38 q199782 26 58591 177
38 q199782 27 13653 83
38 q199782 28 25190 129
38 q199782 29 16578 101
38 q199782 30 25815 220
38 q199782 31 69781 305
38 q199782 32 44256 145
39 z669256 1 1396 20
39 z669256 2 3565 53
39 z669256 3 6586 52
39 z669256 4 17208 64
39 z669256 5 5525 51
39 z669256 6 11600 66
39 z669256 7 5261 45
39 z669256 8 9640 51
39 z669256 9 14943 107
39 z669256 10 10136 65
39 z669256 11 14443 53
39 z669256 12 19108 75
39 z669256 13 30576 196
39 z669256 14 47236 197
39 z669256 15 15630 135
39 z669256 16 19125 105
39 z669256 17 27721 287
39 z669256 18 20295 86
39 z669256 19 79895 335
39 z669256 20 31313 144
39 z669256 21 17377 81
39 z669256 22 41572 362
39 z669256 23 111757 352
39 z669256 24 32700 113
39 z669256 25 101575 551
39 z669256 26 73918 261
39 z669256 27 9306 108
39 z669256 28 116256 484
39 z669256 29 29232 114
39 z669256 30 45210 156
39 z669256 31 37060 181
39 z669256 32 97152 262
40 p466549 1 1328 15
40 p466549 2 3348 31
40 p466549 3 1755 35
40 p466549 4 12608 70
40 p466549 5 22385 167
40 p466549 6 12273 56
40 p466549 7 18812 82
40 p466549 8 15165 124
40 p466549 9 6075 45
40 p466549 10 14523 131
40 p466549 11 23881 111
40 p466549 12 7436 69
40 p466549 13 14889 83
40 p466549 14 77728 235
40 p466549 15 33195 170
40 p466549 16 22074 137
40 p466549 17 11832 88
40 p466549 18 20628 87
40 p466549 19 24738 117
40 p466549 20 14110 70
40 p466549 21 30800 207
40 p466549 22 9240 82
40 p466549 23 26933 129
40 p466549 24 16104 74
40 p466549 25 17737 91
40 p466549 26 34996 328
40 p466549 27 42741 424
40 p466549 28 46172 482
40 p466549 29 40832 122
40 p466549 30 62415 254
40 p466549 31 42625 200
40 p466549 32 57984 317
41 y522598 1 588 36
41 y522598 2 2176 40
41 y522598 3 11421 100
41 y522598 4 3946 35
41 y522598 5 8970 51
41 y522598 6 11848 65
41 y522598 7 38780 266
41 y522598 8 15140 65
41 y522598 9 37008 137
41 y522598 10 25340 153
41 y522598 11 17354 68
41 y522598 12 33072 171
41 y522598 13 11379 67
41 y522598 14 31318 134
41 y522598 15 38895 160
41 y522598 16 25050 111
41 y522598 17 50575 526
41 y522598 18 29994 117
41 y522598 19 98515 276
41 y522598 20 82120 363
41 y522598 21 20737 215
41 y522598 22 28512 314
41 y522598 23 18867 149
41 y522598 24 16840 75
41 y522598 25 24441 125
41 y522598 26 99788 491
41 y522598 27 53703 377
41 y522598 28 30772 179
41 y522598 29 84448 225
41 y522598 30 70890 232
41 y522598 31 12286 75
41 y522598 32 49840 173
42 c121271 1 1007 13
42 c121271 2 5197 23
42 c121271 3 6984 35
42 c121271 4 13200 52
42 c121271 5 23445 72
42 c121271 6 12903 88
42 c121271 7 37933 208
42 c121271 8 4508 41
42 c121271 9 5409 33
42 c121271 10 16365 121
42 c121271 11 21688 76
42 c121271 12 8628 85
42 c121271 13 38850 128
42 c121271 14 13048 71
42 c121271 15 76665 187
42 c121271 16 5557 38
42 c121271 17 25993 137
42 c121271 18 12789 73
42 c121271 19 25301 116
42 c121271 20 10013 65
42 c121271 21 58968 279
42 c121271 22 8096 72
42 c121271 23 59524 160
42 c121271 24 118080 511
42 c121271 25 58937 252
42 c121271 26 46817 148
42 c121271 27 48748 157
42 c121271 28 158256 610
42 c121271 29 22431 106
42 c121271 30 57240 403
42 c121271 31 118544 429
42 c121271 32 43104 286
43 s387989 1 1312 37
43 s387989 2 1160 37
43 s387989 3 10914 126
43 s387989 4 18456 70
43 s387989 5 9675 40
43 s387989 6 9225 43
43 s387989 7 11706 70
43 s387989 8 20936 224
43 s387989 9 45171 130
43 s387989 10 26040 102
43 s387989 11 65736 370
43 s387989 12 7432 76
43 s387989 13 28385 228
43 s387989 14 70392 394
43 s387989 15 11565 90
43 s387989 16 16624 60
43 s387989 17 16124 88
43 s387989 18 6894 70
43 s387989 19 33402 203
43 s387989 20 31680 174
43 s387989 21 46641 187
43 s387989 22 34815 119
43 s387989 23 9859 52
43 s387989 24 24108 133
43 s387989 25 39987 154
43 s387989 26 59228 273
43 s387989 27 31239 142
43 s387989 28 51968 395
43 s387989 29 23451 116
43 s387989 30 40110 207
43 s387989 31 53909 198
43 s387989 32 62624 334
44 d690740 1 537 30
44 d690740 2 6346 35
44 d690740 3 6375 75
44 d690740 4 9226 41
44 d690740 5 5175 54
44 d690740 6 10659 75
44 d690740 7 6023 62
44 d690740 8 41784 237
44 d690740 9 26410 171
44 d690740 10 18933 60
44 d690740 11 55704 164
44 d690740 12 4936 43
44 d690740 13 46345 154
44 d690740 14 37940 209
44 d690740 15 26570 92
44 d690740 16 14757 107
44 d690740 17 30775 149
44 d690740 18 83214 502
44 d690740 19 23370 105
44 d690740 20 11560 137
44 d690740 21 51954 379
44 d690740 22 110880 376
44 d690740 23 48438 390
44 d690740 24 64584 233
44 d690740 25 39841 434
44 d690740 26 44893 126
44 d690740 27 134541 494
44 d690740 28 25676 263
44 d690740 29 35128 142
44 d690740 30 27970 149
44 d690740 31 83917 214
44 d690740 32 37552 191
45 e182567 1 1026 20
45 e182567 2 2446 16
45 e182567 3 4024 40
45 e182567 4 7310 34
45 e182567 5 25270 190
45 e182567 6 26604 152
45 e182567 7 7063 59
45 e182567 8 7600 95
45 e182567 9 6270 65
45 e182567 10 35790 144
45 e182567 11 27527 89
45 e182567 12 65388 352
45 e182567 13 77298 196
45 e182567 14 55594 187
45 e182567 15 63270 295
45 e182567 16 93088 264
45 e182567 17 33796 139
45 e182567 18 47988 153
45 e182567 19 21299 107
45 e182567 20 25090 139
45 e182567 21 76104 208
45 e182567 22 63778 410
45 e182567 23 24058 105
45 e182567 24 81792 219
45 e182567 25 73375 397
45 e182567 26 44174 255
45 e182567 27 21240 94
45 e182567 28 53069 253
45 e182567 29 91292 237
45 e182567 30 27560 224
45 e182567 31 28633 134
45 e182567 32 11381 87
46 p946662 1 693 31
46 p946662 2 2734 38
46 p946662 3 5781 19
46 p946662 4 7996 92
46 p946662 5 8165 64
46 p946662 6 5856 38
46 p946662 7 12149 92
46 p946662 8 8850 84
46 p946662 9 13788 72
46 p946662 10 11313 56
46 p946662 11 9515 66
46 p946662 12 29964 102
46 p946662 13 20765 174
46 p946662 14 4914 56
46 p946662 15 34170 104
46 p946662 16 30816 85
46 p946662 17 15260 66
46 p946662 18 80568 464
46 p946662 19 57817 174
46 p946662 20 66980 430
46 p946662 21 41391 181
46 p946662 22 35060 152
46 p946662 23 54027 417
46 p946662 24 23336 246
46 p946662 25 32750 173
46 p946662 26 77948 405
46 p946662 27 17091 122
46 p946662 28 122640 358
46 p946662 29 55854 255
46 p946662 30 42930 200
46 p946662 31 86893 226
46 p946662 32 53984 292
47 e964873 1 672 37
47 e964873 2 3240 33
47 e964873 3 5899 30
47 e964873 4 7410 61
47 e964873 5 10935 61
47 e964873 6 13779 61
47 e964873 7 38423 98
47 e964873 8 34856 131
47 e964873 9 25209 132
47 e964873 10 13205 63
47 e964873 11 18914 177
47 e964873 12 25440 138
47 e964873 13 25876 89
47 e964873 14 36148 110
47 e964873 15 22645 193
47 e964873 16 75840 231
47 e964873 17 60435 357
47 e964873 18 105822 309
47 e964873 19 23395 94
47 e964873 20 40720 111
47 e964873 21 42567 198
47 e964873 22 81818 623
47 e964873 23 33419 124
47 e964873 24 88512 856
47 e964873 25 26750 132
47 e964873 26 33098 239
47 e964873 27 27972 164
47 e964873 28 60270 404
47 e964873 29 55274 187
47 e964873 30 16590 108
47 e964873 31 42687 163
47 e964873 32 64288 256
48 c886575 1 926 23
48 c886575 2 2799 25
48 c886575 3 14706 129
48 c886575 4 8448 31
48 c886575 5 7876 73
48 c886575 6 3378 25
48 c886575 7 31934 100
48 c886575 8 8816 58
48 c886575 9 12084 103
48 c886575 10 21460 82
48 c886575 11 17358 110
48 c886575 12 20592 135
48 c886575 13 48776 182
48 c886575 14 78106 228
48 c886575 15 26295 259
48 c886575 16 27824 222
48 c886575 17 30260 140
48 c886575 18 6018 66
48 c886575 19 30678 173
48 c886575 20 38290 162
48 c886575 21 114198 320
48 c886575 22 86482 543
48 c886575 23 126615 469
48 c886575 24 39948 184
48 c886575 25 13850 76
48 c886575 26 62582 538
48 c886575 27 13783 69
48 c886575 28 15661 78
48 c886575 29 47666 394
48 c886575 30 57825 565
48 c886575 31 82506 352
48 c886575 32 41653 182
49 c176881 1 1414 9
49 c176881 2 10704 51
49 c176881 3 7228 30
49 c176881 4 3652 43
49 c176881 5 6290 44
49 c176881 6 7702 35
49 c176881 7 13065 61
49 c176881 8 9922 54
49 c176881 9 42453 271
49 c176881 10 16176 89
49 c176881 11 19151 153
49 c176881 12 6900 45
49 c176881 13 13320 107
49 c176881 14 25711 91
49 c176881 15 40567 403
49 c176881 16 20213 88
49 c176881 17 92310 725
49 c176881 18 38970 197
49 c176881 19 12511 63
49 c176881 20 22490 115
49 c176881 21 91350 329
49 c176881 22 83138 263
49 c176881 23 60812 186
49 c176881 24 19464 189
49 c176881 25 27483 314
49 c176881 26 67158 431
49 c176881 27 92124 289
49 c176881 28 9856 99
49 c176881 29 28942 119
49 c176881 30 133140 330
49 c176881 31 15169 115
49 c176881 32 24320 131
50 s915788 1 1083 32
50 s915788 2 5807 46
50 s915788 3 9330 68
50 s915788 4 7904 41
50 s915788 5 11955 63
50 s915788 6 29106 128
50 s915788 7 36302 165
50 s915788 8 33544 154
50 s915788 9 34056 146
50 s915788 10 14296 65
50 s915788 11 19132 219
50 s915788 12 7124 44
50 s915788 13 24056 94
50 s915788 14 15012 81
50 s915788 15 18760 62
50 s915788 16 21144 220
50 s915788 17 34051 236
50 s915788 18 46530 154
50 s915788 19 26761 94
50 s915788 20 29800 181
50 s915788 21 63357 235
50 s915788 22 90090 250
50 s915788 23 39836 159
50 s915788 24 94392 269
50 s915788 25 65887 225
50 s915788 26 69641 439
50 s915788 27 145665 378
50 s915788 28 153692 400
50 s915788 29 76705 328
50 s915788 30 10910 90
50 s915788 31 27466 130
50 s915788 32 45024 205
51 l533337 1 861 29
51 l533337 2 1072 39
51 l533337 3 9288 66
51 l533337 4 12816 62
51 l533337 5 6257 44
51 l533337 6 11472 75
51 l533337 7 19348 143
51 l533337 8 41448 170
51 l533337 9 17196 80
51 l533337 10 15746 101
51 l533337 11 6141 53
51 l533337 12 56340 329
51 l533337 13 36738 117
51 l533337 14 21910 94
51 l533337 15 58740 346
51 l533337 16 11477 110
51 l533337 17 31506 100
51 l533337 18 25254 113
51 l533337 19 30115 126
51 l533337 20 6713 54
51 l533337 21 12341 112
51 l533337 22 29223 144
51 l533337 23 44827 236
51 l533337 24 49704 259
51 l533337 25 95675 302
51 l533337 26 22191 114
51 l533337 27 36747 174
51 l533337 28 43092 144
51 l533337 29 12499 119
51 l533337 30 176760 790
51 l533337 31 80910 538
51 l533337 32 60277 319
52 l908328 1 1265 33
52 l908328 2 3276 31
52 l908328 3 3126 53
52 l908328 4 6866 99
52 l908328 5 11235 39
52 l908328 6 33690 176
52 l908328 7 6008 26
52 l908328 8 39528 168
52 l908328 9 19453 81
52 l908328 10 15526 79
52 l908328 11 7898 77
52 l908328 12 7692 45
52 l908328 13 60125 200
52 l908328 14 29036 142
52 l908328 15 18190 75
52 l908328 16 8240 59
52 l908328 17 25018 124
52 l908328 18 44910 168
52 l908328 19 11843 53
52 l908328 20 54640 210
52 l908328 21 10423 110
52 l908328 22 27797 103
52 l908328 23 19113 110
52 l908328 24 50712 198
52 l908328 25 64775 214
52 l908328 26 52741 449
52 l908328 27 16024 183
52 l908328 28 55374 405
52 l908328 29 23345 141
52 l908328 30 135780 537
52 l908328 31 58021 178
52 l908328 32 42272 193
53 e708486 1 1171 11
53 e708486 2 4357 50
53 e708486 3 2005 14
53 e708486 4 6620 34
53 e708486 5 21110 114
53 e708486 6 6184 81
53 e708486 7 6834 93
53 e708486 8 3168 49
53 e708486 9 12451 60
53 e708486 10 11790 54
53 e708486 11 6666 71
53 e708486 12 6804 61
53 e708486 13 20007 92
53 e708486 14 17605 74
53 e708486 15 8740 83
53 e708486 16 21840 94
53 e708486 17 19652 104
53 e708486 18 51570 154
53 e708486 19 110447 392
53 e708486 20 17533 102
53 e708486 21 76356 233
53 e708486 22 14003 163
53 e708486 23 64009 274
53 e708486 24 109872 279
53 e708486 25 24675 173
53 e708486 26 12748 120
53 e708486 27 31846 174
53 e708486 28 52546 224
53 e708486 29 21508 105
53 e708486 30 53290 170
53 e708486 31 46355 324
53 e708486 32 22784 127
54 r910861 1 1025 11
54 r910861 2 2480 36
54 r910861 3 6234 37
54 r910861 4 2328 23
54 r910861 5 8512 74
54 r910861 6 11086 101
54 r910861 7 39956 238
54 r910861 8 17280 100
54 r910861 9 16272 146
54 r910861 10 20920 167
54 r910861 11 52877 296
54 r910861 12 7192 42
54 r910861 13 32266 97
54 r910861 14 18610 92
54 r910861 15 24125 101
54 r910861 16 33976 132
54 r910861 17 65977 244
54 r910861 18 60696 182
54 r910861 19 29716 123
54 r910861 20 13993 98
54 r910861 21 39354 192
54 r910861 22 115082 686
54 r910861 23 9269 76
54 r910861 24 23120 114
54 r910861 25 48633 169
54 r910861 26 82602 209
54 r910861 27 31360 137
54 r910861 28 83902 237
54 r910861 29 77256 209
54 r910861 30 39400 142
54 r910861 31 36249 154
54 r910861 32 125056 357
55 z993070 1 929 38
55 z993070 2 3827 49
55 z993070 3 4301 39
55 z993070 4 9164 50
55 z993070 5 4723 49
55 z993070 6 10254 46
55 z993070 7 10409 65
55 z993070 8 16128 148
55 z993070 9 10980 66
55 z993070 10 48220 494
55 z993070 11 23611 144
55 z993070 12 19216 82
55 z993070 13 14209 104
55 z993070 14 38164 123
55 z993070 15 18075 84
55 z993070 16 11312 131
55 z993070 17 28503 257
55 z993070 18 30102 181
55 z993070 19 33858 283
55 z993070 20 60820 193
55 z993070 21 19803 110
55 z993070 22 17431 145
55 z993070 23 105938 387
55 z993070 24 33072 124
55 z993070 25 78075 259
55 z993070 26 41132 289
55 z993070 27 19116 186
55 z993070 28 95592 819
55 z993070 29 15795 79
55 z993070 30 107610 724
55 z993070 31 34813 152
55 z993070 32 87424 330
56 p607650 1 1034 14
56 p607650 2 2734 36
56 p607650 3 3451 45
56 p607650 4 17268 93
56 p607650 5 16850 55
56 p607650 6 4902 28
56 p607650 7 11753 67
56 p607650 8 33128 116
56 p607650 9 17328 72
56 p607650 10 18153 177
56 p607650 11 20317 113
56 p607650 12 19752 210
56 p607650 13 39221 124
56 p607650 14 30898 117
56 p607650 15 7725 50
56 p607650 16 44288 161
56 p607650 17 27744 108
56 p607650 18 35622 106
56 p607650 19 108756 281
56 p607650 20 76420 511
56 p607650 21 15540 148
56 p607650 22 29729 242
56 p607650 23 67321 257
56 p607650 24 65280 190
56 p607650 25 36541 161
56 p607650 26 77311 520
56 p607650 27 52447 249
56 p607650 28 42578 143
56 p607650 29 54230 175
56 p607650 30 67500 256
56 p607650 31 45291 231
56 p607650 32 51488 166
57 f580432 1 985 36
57 f580432 2 5013 51
57 f580432 3 2680 22
57 f580432 4 1532 19
57 f580432 5 8543 47
57 f580432 6 6495 44
57 f580432 7 10801 87
57 f580432 8 15280 117
57 f580432 9 18184 85
57 f580432 10 16213 153
57 f580432 11 6171 64
57 f580432 12 19224 89
57 f580432 13 11617 52
57 f580432 14 13934 83
57 f580432 15 14872 80
57 f580432 16 64096 452
57 f580432 17 5740 58
57 f580432 18 32229 283
57 f580432 19 24206 218
57 f580432 20 37640 168
57 f580432 21 39375 135
57 f580432 22 42284 174
57 f580432 23 42833 345
57 f580432 24 27648 121
57 f580432 25 32791 133
57 f580432 26 37526 339
57 f580432 27 140913 463
57 f580432 28 18984 151
57 f580432 29 90103 246
57 f580432 30 157440 601
57 f580432 31 156798 389
57 f580432 32 44149 168
58 m516876 1 1395 42
58 m516876 2 2856 14
58 m516876 3 3555 27
58 m516876 4 2938 25
58 m516876 5 22370 176
58 m516876 6 3002 50
58 m516876 7 9828 56
58 m516876 8 2717 40
58 m516876 9 8466 55
58 m516876 10 18473 216
58 m516876 11 15132 61
58 m516876 12 25950 124
58 m516876 13 11526 78
58 m516876 14 50484 136
58 m516876 15 16725 67
58 m516876 16 15736 85
58 m516876 17 33048 141
58 m516876 18 28554 148
58 m516876 19 7612 78
58 m516876 20 70080 615
58 m516876 21 117075 297
58 m516876 22 30206 119
58 m516876 23 132825 447
58 m516876 24 30936 237
58 m516876 25 17375 77
58 m516876 26 113906 477
58 m516876 27 31410 150
58 m516876 28 159796 1198
58 m516876 29 134270 778
58 m516876 30 15760 96
58 m516876 31 18434 109
58 m516876 32 31824 321
59 m280447 1 672 26
59 m280447 2 5632 48
59 m280447 3 2134 20
59 m280447 4 6348 39
59 m280447 5 8147 43
59 m280447 6 3066 24
59 m280447 7 39375 271
59 m280447 8 15824 149
59 m280447 9 17352 75
59 m280447 10 5440 55
59 m280447 11 26284 170
59 m280447 12 59856 186
59 m280447 13 71721 365
59 m280447 14 22260 242
59 m280447 15 18420 76
59 m280447 16 17536 72
59 m280447 17 27302 117
59 m280447 18 16854 64
59 m280447 19 47766 135
59 m280447 20 10440 59
59 m280447 21 25123 149
59 m280447 22 32285 184
59 m280447 23 58880 295
59 m280447 24 13712 114
59 m280447 25 43475 218
59 m280447 26 32552 362
59 m280447 27 61614 286
59 m280447 28 80094 353
59 m280447 29 14239 81
59 m280447 30 32050 269
59 m280447 31 72199 224
59 m280447 32 82128 705
60 k534568 1 780 8
60 k534568 2 4498 62
60 k534568 3 3978 32
60 k534568 4 5950 52
60 k534568 5 7297 49
60 k534568 6 21408 206
60 k534568 7 22526 63
60 k534568 8 13709 58
60 k534568 9 13050 68
60 k534568 10 23175 117
60 k534568 11 6889 78
60 k534568 12 12960 147
60 k534568 13 32422 116
60 k534568 14 39907 118
60 k534568 15 35527 157
60 k534568 16 74016 673
60 k534568 17 57188 240
60 k534568 18 35784 120
60 k534568 19 9449 59
60 k534568 20 11446 131
60 k534568 21 38143 210
60 k534568 22 79090 215
60 k534568 23 132572 396
60 k534568 24 46824 200
60 k534568 25 12291 96
60 k534568 26 10712 78
60 k534568 27 35514 157
60 k534568 28 155400 416
60 k534568 29 149727 433
60 k534568 30 53680 241
60 k534568 31 43214 123
60 k534568 32 32330 204
61 i108120 1 768 32
61 i108120 2 2575 31
61 i108120 3 11520 46
61 i108120 4 17464 73
61 i108120 5 11107 40
61 i108120 6 12624 132
61 i108120 7 4203 31
61 i108120 8 8656 52
61 i108120 9 8568 70
61 i108120 10 19095 145
61 i108120 11 22247 190
61 i108120 12 4912 69
61 i108120 13 13500 79
61 i108120 14 9226 74
61 i108120 15 33757 322
61 i108120 16 9400 88
61 i108120 17 15963 72
61 i108120 18 28908 187
61 i108120 19 10855 120
61 i108120 20 15230 74
61 i108120 21 37443 146
61 i108120 22 54021 294
61 i108120 23 75026 617
61 i108120 24 28536 100
61 i108120 25 146425 675
61 i108120 26 67522 217
61 i108120 27 26460 215
61 i108120 28 12133 111
61 i108120 29 38492 370
61 i108120 30 74865 259
61 i108120 31 51346 190
61 i108120 32 77760 238
62 a194170 1 1378 16
62 a194170 2 11386 36
62 a194170 3 3151 37
62 a194170 4 6476 50
62 a194170 5 12960 71
62 a194170 6 16362 86
62 a194170 7 13265 65
62 a194170 8 20292 139
62 a194170 9 36729 183
62 a194170 10 26280 207
62 a194170 11 9427 48
62 a194170 12 5756 52
62 a194170 13 25369 138
62 a194170 14 17913 81
62 a194170 15 38280 353
62 a194170 16 18762 122
62 a194170 17 84422 436
62 a194170 18 82134 395
62 a194170 19 37544 260
62 a194170 20 13733 76
62 a194170 21 28917 220
62 a194170 22 28611 101
62 a194170 23 26645 277
62 a194170 24 26904 110
62 a194170 25 43833 177
62 a194170 26 10114 67
62 a194170 27 76572 579
62 a194170 28 158284 954
62 a194170 29 32697 149
62 a194170 30 10100 82
62 a194170 31 76043 237
62 a194170 32 86752 234
63 w211360 1 1380 16
63 w211360 2 2906 20
63 w211360 3 9519 66
63 w211360 4 8396 48
63 w211360 5 17120 99
63 w211360 6 15660 89
63 w211360 7 8185 72
63 w211360 8 10732 67
63 w211360 9 32661 332
63 w211360 10 12613 131
63 w211360 11 29155 124
63 w211360 12 30216 116
63 w211360 13 29315 123
63 w211360 14 34048 256
63 w211360 15 16807 168
63 w211360 16 27376 151
63 w211360 17 27378 125
63 w211360 18 10374 74
63 w211360 19 43130 295
63 w211360 20 34526 172
63 w211360 21 18123 92
63 w211360 22 21846 156
63 w211360 23 74750 206
63 w211360 24 91536 888
63 w211360 25 24125 234
63 w211360 26 90766 936
63 w211360 27 158301 400
63 w211360 28 19236 231
63 w211360 29 47134 243
63 w211360 30 63345 185
63 w211360 31 81731 428
63 w211360 32 64912 327
64 o624963 1 714 34
64 o624963 2 8684 36
64 o624963 3 5526 49
64 o624963 4 6605 45
64 o624963 5 9660 51
64 o624963 6 15138 157
64 o624963 7 14469 66
64 o624963 8 17040 150
64 o624963 9 49239 146
64 o624963 10 45100 156
64 o624963 11 56639 547
64 o624963 12 20972 110
64 o624963 13 37680 105
64 o624963 14 5651 88
64 o624963 15 73965 432
64 o624963 16 45968 130
64 o624963 17 46614 175
64 o624963 18 21411 87
64 o624963 19 46246 189
64 o624963 20 41200 121
64 o624963 21 28630 144
64 o624963 22 15202 94
64 o624963 23 33890 157
64 o624963 24 23176 125
64 o624963 25 18300 137
64 o624963 26 107328 303
64 o624963 27 54729 195
64 o624963 28 52910 223
64 o624963 29 14790 84
64 o624963 30 96300 289
64 o624963 31 30256 333
64 o624963 32 50880 181
65 b975870 1 1065 34
65 b975870 2 5728 31
65 b975870 3 6583 23
65 b975870 4 8896 85
65 b975870 5 19960 82
65 b975870 6 19710 149
65 b975870 7 37352 283
65 b975870 8 6754 70
65 b975870 9 37062 118
65 b975870 10 12003 67
65 b975870 11 56034 189
65 b975870 12 13324 122
65 b975870 13 9914 82
65 b975870 14 17635 111
65 b975870 15 20790 95
65 b975870 16 21205 109
65 b975870 17 30600 139
65 b975870 18 63288 184
65 b975870 19 10253 46
65 b975870 20 14460 80
65 b975870 21 121107 412
65 b975870 22 128480 812
65 b975870 23 80454 393
65 b975870 24 45348 334
65 b975870 25 46825 162
65 b975870 26 70395 281
65 b975870 27 32265 208
65 b975870 28 141344 830
65 b975870 29 15341 85
65 b975870 30 10560 88
65 b975870 31 171275 449
65 b975870 32 77488 822
66 v128160 1 679 12
66 v128160 2 2337 33
66 v128160 3 8769 53
66 v128160 4 19760 171
66 v128160 5 11935 78
66 v128160 6 25638 122
66 v128160 7 18613 166
66 v128160 8 11682 148
66 v128160 9 11727 99
66 v128160 10 27400 102
66 v128160 11 20742 68
66 v128160 12 64500 334
66 v128160 13 73918 248
66 v128160 14 22442 236
66 v128160 15 28790 92
66 v128160 16 45104 212
66 v128160 17 7990 86
66 v128160 18 47268 403
66 v128160 19 14934 84
66 v128160 20 41500 217
66 v128160 21 52185 167
66 v128160 22 98252 348
66 v128160 23 63054 200
66 v128160 24 42568 186
66 v128160 25 33000 111
66 v128160 26 80652 736
66 v128160 27 67918 374
66 v128160 28 48916 156
66 v128160 29 73805 225
66 v128160 30 16725 112
66 v128160 31 38223 167
66 v128160 32 50186 187
67 q591058 1 1147 19
67 q591058 2 2464 26
67 q591058 3 1050 30
67 q591058 4 2838 30
67 q591058 5 4896 27
67 q591058 6 11294 63
67 q591058 7 10056 120
67 q591058 8 8170 66
67 q591058 9 17356 69
67 q591058 10 12105 68
67 q591058 11 4759 49
67 q591058 12 20622 151
67 q591058 13 16982 116
67 q591058 14 32669 161
67 q591058 15 37905 406
67 q591058 16 57040 420
67 q591058 17 9491 86
67 q591058 18 23466 133
67 q591058 19 45134 154
67 q591058 20 8320 88
67 q591058 21 10353 102
67 q591058 22 46167 144
67 q591058 23 57109 193
67 q591058 24 31920 108
67 q591058 25 28950 210
67 q591058 26 37778 403
67 q591058 27 69498 214
67 q591058 28 39144 161
67 q591058 29 86492 220
67 q591058 30 49920 398
67 q591058 31 96348 414
67 q591058 32 19157 122
68 h271134 1 1150 34
68 h271134 2 2231 27
68 h271134 3 1672 32
68 h271134 4 6956 61
68 h271134 5 5743 58
68 h271134 6 19266 112
68 h271134 7 5957 33
68 h271134 8 5744 45
68 h271134 9 10323 89
68 h271134 10 43120 145
68 h271134 11 13508 61
68 h271134 12 21474 110
68 h271134 13 38415 176
68 h271134 14 60452 404
68 h271134 15 6705 102
68 h271134 16 54704 257
68 h271134 17 23511 175
68 h271134 18 66564 225
68 h271134 19 19760 127
68 h271134 20 33640 270
68 h271134 21 29036 99
68 h271134 22 31834 327
68 h271134 23 68091 346
68 h271134 24 69912 243
68 h271134 25 25025 143
68 h271134 26 31728 203
68 h271134 27 68836 673
68 h271134 28 9398 74
68 h271134 29 26709 208
68 h271134 30 70770 284
68 h271134 31 40966 234
68 h271134 32 26762 213
69 j739902 1 1302 34
69 j739902 2 5056 48
69 j739902 3 2774 20
69 j739902 4 5136 47
69 j739902 5 8165 40
69 j739902 6 10248 35
69 j739902 7 11228 83
69 j739902 8 8733 67
69 j739902 9 12264 83
69 j739902 10 38660 129
69 j739902 11 20826 132
69 j739902 12 61776 332
69 j739902 13 43004 216
69 j739902 14 17868 107
69 j739902 15 14085 165
69 j739902 16 20656 91
69 j739902 17 29251 246
69 j739902 18 14760 107
69 j739902 19 15130 68
69 j739902 20 30846 261
69 j739902 21 35668 250
69 j739902 22 36094 271
69 j739902 23 12703 90
69 j739902 24 137064 1112
69 j739902 25 68600 291
69 j739902 26 29076 164
69 j739902 27 40419 370
69 j739902 28 64400 274
69 j739902 29 110345 325
69 j739902 30 10370 59
69 j739902 31 60005 226
69 j739902 32 86592 262
70 o704729 1 1423 40
70 o704729 2 8064 56
70 o704729 3 6855 80
70 o704729 4 2414 35
70 o704729 5 15645 56
70 o704729 6 12105 41
70 o704729 7 8519 83
70 o704729 8 9900 38
70 o704729 9 6687 30
70 o704729 10 18403 67
70 o704729 11 22005 127
70 o704729 12 65736 382
70 o704729 13 18993 74
70 o704729 14 8386 56
70 o704729 15 59640 292
70 o704729 16 46624 386
70 o704729 17 15322 151
70 o704729 18 11922 62
70 o704729 19 67488 189
70 o704729 20 33826 106
70 o704729 21 36239 205
70 o704729 22 56958 274
70 o704729 23 60674 270
70 o704729 24 15552 113
70 o704729 25 47391 148
70 o704729 26 28938 179
70 o704729 27 27729 180
70 o704729 28 35868 108
70 o704729 29 25534 196
70 o704729 30 11610 69
70 o704729 31 44888 326
70 o704729 32 48672 169
71 e857632 1 1472 18
71 e857632 2 3426 24
71 e857632 3 4371 50
71 e857632 4 21204 65
71 e857632 5 8005 34
71 e857632 6 14736 78
71 e857632 7 19943 80
71 e857632 8 11058 83
71 e857632 9 10926 65
71 e857632 10 13745 66
71 e857632 11 10024 131
71 e857632 12 12380 53
71 e857632 13 55835 160
71 e857632 14 27321 128
71 e857632 15 7905 55
71 e857632 16 12624 88
71 e857632 17 27149 241
71 e857632 18 104364 414
71 e857632 19 34244 246
71 e857632 20 57950 459
71 e857632 21 40372 219
71 e857632 22 27654 117
71 e857632 23 44689 196
71 e857632 24 50172 174
71 e857632 25 60250 193
71 e857632 26 39017 252
71 e857632 27 43254 232
71 e857632 28 54394 219
71 e857632 29 16733 89
71 e857632 30 18240 144
71 e857632 31 54136 190
71 e857632 32 90896 283
72 s368314 1 797 29
72 s368314 2 3199 28
72 s368314 3 5544 49
72 s368314 4 1549 37
72 s368314 5 9385 37
72 s368314 6 4668 44
72 s368314 7 5407 43
72 s368314 8 5608 71
72 s368314 9 46953 177
72 s368314 10 27240 98
72 s368314 11 54076 176
72 s368314 12 5168 48
72 s368314 13 64519 169
72 s368314 14 35959 166
72 s368314 15 26865 180
72 s368314 16 44736 135
72 s368314 17 26826 155
72 s368314 18 17712 102
72 s368314 19 19190 176
72 s368314 20 54450 252
72 s368314 21 116592 743
72 s368314 22 15037 78
72 s368314 23 42573 231
72 s368314 24 99960 341
72 s368314 25 48525 471
72 s368314 26 22477 153
72 s368314 27 150039 1538
72 s368314 28 54194 179
72 s368314 29 47386 163
72 s368314 30 36960 138
72 s368314 31 149947 1529
72 s368314 32 125536 792
73 m443436 1 814 21
73 m443436 2 5698 58
73 m443436 3 4300 45
73 m443436 4 7176 62
73 m443436 5 11567 59
73 m443436 6 8562 41
73 m443436 7 9802 126
73 m443436 8 14648 109
73 m443436 9 17208 134
73 m443436 10 5190 51
73 m443436 11 43813 127
73 m443436 12 14946 77
73 m443436 13 76843 246
73 m443436 14 64316 459
73 m443436 15 31125 128
73 m443436 16 36264 119
73 m443436 17 41174 311
73 m443436 18 13506 62
73 m443436 19 35492 142
73 m443436 20 54070 178
73 m443436 21 25907 105
73 m443436 22 19195 141
73 m443436 23 31487 124
73 m443436 24 31536 167
73 m443436 25 32012 181
73 m443436 26 51315 260
73 m443436 27 57726 530
73 m443436 28 146608 651
73 m443436 29 79822 391
73 m443436 30 24585 103
73 m443436 31 59499 492
73 m443436 32 49258 362
74 v888399 1 720 25
74 v888399 2 3772 44
74 v888399 3 3465 27
74 v888399 4 7880 53
74 v888399 5 7641 51
74 v888399 6 5656 60
74 v888399 7 9002 55
74 v888399 8 47448 293
74 v888399 9 10368 49
74 v888399 10 5340 36
74 v888399 11 40876 169
74 v888399 12 13182 69
74 v888399 13 22425 246
74 v888399 14 13909 100
74 v888399 15 69390 367
74 v888399 16 54432 387
74 v888399 17 42840 134
74 v888399 18 47322 160
74 v888399 19 6871 54
74 v888399 20 69360 310
74 v888399 21 23961 98
74 v888399 22 28688 119
74 v888399 23 22877 167
74 v888399 24 37744 290
74 v888399 25 34766 230
74 v888399 26 16718 200
74 v888399 27 75357 804
74 v888399 28 82572 268
74 v888399 29 39135 145
74 v888399 30 32210 121
74 v888399 31 87559 355
74 v888399 32 164160 523
75 f515785 1 1080 13
75 f515785 2 6442 79
75 f515785 3 3792 63
75 f515785 4 4088 55
75 f515785 5 14462 151
75 f515785 6 26940 92
75 f515785 7 12184 57
75 f515785 8 23776 88
75 f515785 9 46053 437
75 f515785 10 12856 66
75 f515785 11 32263 192
75 f515785 12 21804 135
75 f515785 13 28528 108
75 f515785 14 18494 117
75 f515785 15 24510 94
75 f515785 16 27061 139
75 f515785 17 41361 130
75 f515785 18 22944 146
75 f515785 19 61332 194
75 f515785 20 55420 252
75 f515785 21 26467 111
75 f515785 22 36498 228
75 f515785 23 18078 90
75 f515785 24 113184 1178
75 f515785 25 22791 213
75 f515785 26 137488 743
75 f515785 27 87075 488
75 f515785 28 157416 778
75 f515785 29 102863 457
75 f515785 30 142410 404
75 f515785 31 28912 109
75 f515785 32 17600 88
76 y368091 1 1326 37
76 y368091 2 1393 14
76 y368091 3 10140 56
76 y368091 4 4944 49
76 y368091 5 11845 39
76 y368091 6 7714 59
76 y368091 7 10983 101
76 y368091 8 15968 100
76 y368091 9 7551 35
76 y368091 10 12403 69
76 y368091 11 58300 504
76 y368091 12 7800 60
76 y368091 13 15801 132
76 y368091 14 29596 98
76 y368091 15 29017 319
76 y368091 16 11482 82
76 y368091 17 53414 483
76 y368091 18 102204 457
76 y368091 19 55062 300
76 y368091 20 119040 1077
76 y368091 21 30481 142
76 y368091 22 26664 102
76 y368091 23 20439 113
76 y368091 24 29556 262
76 y368091 25 46391 181
76 y368091 26 32916 168
76 y368091 27 22896 137
76 y368091 28 141988 320
76 y368091 29 42378 137
76 y368091 30 62250 216
76 y368091 31 19292 108
76 y368091 32 77728 226
77 x867438 1 573 16
77 x867438 2 4810 35
77 x867438 3 1997 20
77 x867438 4 2405 41
77 x867438 5 3395 36
77 x867438 6 35286 255
77 x867438 7 37072 291
77 x867438 8 10560 72
77 x867438 9 23499 92
77 x867438 10 9023 54
77 x867438 11 36927 135
77 x867438 12 23876 76
77 x867438 13 5299 68
77 x867438 14 57372 512
77 x867438 15 8872 57
77 x867438 16 8936 52
77 x867438 17 32317 103
77 x867438 18 27837 114
77 x867438 19 14772 133
77 x867438 20 29633 131
77 x867438 21 69321 190
77 x867438 22 33080 107
77 x867438 23 26289 110
77 x867438 24 12328 76
77 x867438 25 119250 352
77 x867438 26 25532 132
77 x867438 27 52299 200
77 x867438 28 51464 219
77 x867438 29 57110 248
77 x867438 30 72615 475
77 x867438 31 97805 270
77 x867438 32 28341 157
78 p599222 1 824 22
78 p599222 2 2014 14
78 p599222 3 7290 55
78 p599222 4 4702 50
78 p599222 5 4947 46
78 p599222 6 10992 36
78 p599222 7 19075 62
78 p599222 8 18976 94
78 p599222 9 12888 60
78 p599222 10 26190 90
78 p599222 11 55715 156
78 p599222 12 33144 226
78 p599222 13 8534 59
78 p599222 14 12567 63
78 p599222 15 60795 215
78 p599222 16 38064 114
78 p599222 17 35198 159
78 p599222 18 90576 223
78 p599222 19 65265 168
78 p599222 20 45680 195
78 p599222 21 18994 76
78 p599222 22 82324 735
78 p599222 23 131698 736
78 p599222 24 27804 292
78 p599222 25 68350 240
78 p599222 26 82446 413
78 p599222 27 32787 109
78 p599222 28 71568 282
78 p599222 29 29841 243
78 p599222 30 23235 143
78 p599222 31 53103 187
78 p599222 32 54261 192
79 s583948 1 1012 42
79 s583948 2 3248 23
79 s583948 3 14682 52
79 s583948 4 13156 75
79 s583948 5 2193 30
79 s583948 6 12813 45
79 s583948 7 16674 49
79 s583948 8 41752 222
79 s583948 9 13269 135
79 s583948 10 14486 140
79 s583948 11 19257 98
79 s583948 12 11852 112
79 s583948 13 76596 203
79 s583948 14 27762 103
79 s583948 15 30240 182
79 s583948 16 36688 98
79 s583948 17 11282 76
79 s583948 18 24507 119
79 s583948 19 26220 159
79 s583948 20 53910 193
79 s583948 21 73899 229
79 s583948 22 15840 110
79 s583948 23 19971 94
79 s583948 24 55128 337
79 s583948 25 33500 115
79 s583948 26 16683 139
79 s583948 27 140157 528
79 s583948 28 49709 391
79 s583948 29 145580 382
79 s583948 30 136110 1079
79 s583948 31 42501 210
79 s583948 32 54816 357
80 j883875 1 1133 23
80 j883875 2 7024 74
80 j883875 3 4225 44
80 j883875 4 7846 35
80 j883875 5 11107 64
80 j883875 6 17640 110
80 j883875 7 3705 47
80 j883875 8 13434 129
80 j883875 9 16852 57
80 j883875 10 44690 215
80 j883875 11 29029 96
80 j883875 12 14144 115
80 j883875 13 8138 104
80 j883875 14 81606 278
80 j883875 15 35580 163
80 j883875 16 27888 134
80 j883875 17 29976 151
80 j883875 18 49590 138
80 j883875 19 14801 101
80 j883875 20 97620 232
80 j883875 21 33859 124
80 j883875 22 102696 557
80 j883875 23 42320 129
80 j883875 24 10624 150
80 j883875 25 126550 325
80 j883875 26 135538 824
80 j883875 27 36486 136
80 j883875 28 74480 221
80 j883875 29 134096 1161
80 j883875 30 57600 383
80 j883875 31 50034 279
80 j883875 32 38768 198
81 u120627 1 1485 29
81 u120627 2 2168 17
81 u120627 3 4161 26
81 u120627 4 2598 40
81 u120627 5 13400 51
81 u120627 6 8008 51
81 u120627 7 4580 63
81 u120627 8 10820 54
81 u120627 9 6615 66
81 u120627 10 19336 75
81 u120627 11 13948 91
81 u120627 12 35532 115
81 u120627 13 72514 747
81 u120627 14 10619 69
81 u120627 15 64035 265
81 u120627 16 38552 178
81 u120627 17 23145 272
81 u120627 18 8244 56
81 u120627 19 109497 267
81 u120627 20 13610 128
81 u120627 21 54127 415
81 u120627 22 50666 288
81 u120627 23 75486 288
81 u120627 24 28152 107
81 u120627 25 49116 154
81 u120627 26 137254 505
81 u120627 27 45783 138
81 u120627 28 36848 408
81 u120627 29 26390 238
81 u120627 30 75195 245
81 u120627 31 86242 543
81 u120627 32 90624 300
82 r292781 1 887 9
82 r292781 2 3661 41
82 r292781 3 7129 40
82 r292781 4 4704 24
82 r292781 5 4700 62
82 r292781 6 13782 110
82 r292781 7 15659 66
82 r292781 8 7933 51
82 r292781 9 10413 60
82 r292781 10 6180 89
82 r292781 11 8022 99
82 r292781 12 21728 87
82 r292781 13 20078 178
82 r292781 14 34944 213
82 r292781 15 42292 205
82 r292781 16 30309 170
82 r292781 17 65552 455
82 r292781 18 79290 443
82 r292781 19 21764 100
82 r292781 20 33140 334
82 r292781 21 20149 195
82 r292781 22 66858 198
82 r292781 23 78821 493
82 r292781 24 73896 256
82 r292781 25 104225 293
82 r292781 26 68016 220
82 r292781 27 14796 73
82 r292781 28 20505 101
82 r292781 29 57130 486
82 r292781 30 77400 747
82 r292781 31 136121 962
82 r292781 32 52757 427
83 i207201 1 1351 22
83 i207201 2 3084 26
83 i207201 3 1849 35
83 i207201 4 4254 35
83 i207201 5 9712 71
83 i207201 6 22926 198
83 i207201 7 4518 56
83 i207201 8 21520 82
83 i207201 9 20151 128
83 i207201 10 13215 58
83 i207201 11 12204 78
83 i207201 12 31872 318
83 i207201 13 18590 100
83 i207201 14 37100 120
83 i207201 15 5170 94
83 i207201 16 36768 207
83 i207201 17 28883 111
83 i207201 18 29322 100
83 i207201 19 103094 240
83 i207201 20 37660 177
83 i207201 21 65793 236
83 i207201 22 38335 244
83 i207201 23 119209 291
83 i207201 24 58944 200
83 i207201 25 49150 189
83 i207201 26 148252 510
83 i207201 27 56673 187
83 i207201 28 46256 189
83 i207201 29 77444 295
83 i207201 30 79590 219
83 i207201 31 55521 339
83 i207201 32 78400 290
84 b587157 1 1472 27
84 b587157 2 4691 23
84 b587157 3 3441 47
84 b587157 4 11536 49
84 b587157 5 6287 30
84 b587157 6 7102 46
84 b587157 7 12303 66
84 b587157 8 6520 69
84 b587157 9 9607 125
84 b587157 10 55700 186
84 b587157 11 11806 131
84 b587157 12 18636 74
84 b587157 13 33033 115
84 b587157 14 25669 97
84 b587157 15 37447 132
84 b587157 16 29936 308
84 b587157 17 43945 314
84 b587157 18 11640 69
84 b587157 19 33642 101
84 b587157 20 45430 174
84 b587157 21 24433 118
84 b587157 22 38646 142
84 b587157 23 30935 101
84 b587157 24 83832 303
84 b587157 25 23183 146
84 b587157 26 47346 403
84 b587157 27 24471 121
84 b587157 28 49709 140
84 b587157 29 84651 248
84 b587157 30 79665 302
84 b587157 31 17329 97
84 b587157 32 17397 116
85 x635962 1 820 22
85 x635962 2 3577 28
85 x635962 3 1564 24
85 x635962 4 3428 43
85 x635962 5 8883 39
85 x635962 6 11070 50
85 x635962 7 5383 64
85 x635962 8 8586 69
85 x635962 9 13347 88
85 x635962 10 11973 79
85 x635962 11 17823 86
85 x635962 12 40800 125
85 x635962 13 27852 136
85 x635962 14 31584 262
85 x635962 15 17220 82
85 x635962 16 23160 186
85 x635962 17 28084 182
85 x635962 18 52704 423
85 x635962 19 13357 62
85 x635962 20 10880 133
85 x635962 21 85953 333
85 x635962 22 51612 537
85 x635962 23 112493 295
85 x635962 24 40752 225
85 x635962 25 130850 729
85 x635962 26 21484 102
85 x635962 27 48429 275
85 x635962 28 20216 162
85 x635962 29 145348 817
85 x635962 30 61185 212
85 x635962 31 50111 519
85 x635962 32 81184 776
86 x951398 1 1267 19
86 x951398 2 4495 50
86 x951398 3 4486 19
86 x951398 4 2093 34
86 x951398 5 25670 104
86 x951398 6 7152 57
86 x951398 7 5901 33
86 x951398 8 41368 322
86 x951398 9 7815 41
86 x951398 10 15463 87
86 x951398 11 20951 241
86 x951398 12 19104 73
86 x951398 13 16453 54
86 x951398 14 32291 140
86 x951398 15 46395 160
86 x951398 16 24128 70
86 x951398 17 17459 122
86 x951398 18 15597 143
86 x951398 19 111264 284
86 x951398 20 40760 221
86 x951398 21 105714 331
86 x951398 22 107250 645
86 x951398 23 100763 322
86 x951398 24 106272 312
86 x951398 25 146975 956
86 x951398 26 32188 113
86 x951398 27 68796 320
86 x951398 28 78960 247
86 x951398 29 39933 150
86 x951398 30 51290 205
86 x951398 31 74369 764
86 x951398 32 27184 112
87 x141433 1 1044 27
87 x141433 2 4952 57
87 x141433 3 4675 29
87 x141433 4 5168 47
87 x141433 5 11890 59
87 x141433 6 6900 99
87 x141433 7 35420 150
87 x141433 8 5300 44
87 x141433 9 5265 71
87 x141433 10 59140 157
87 x141433 11 59257 177
87 x141433 12 45336 137
87 x141433 13 40937 419
87 x141433 14 9930 74
87 x141433 15 28140 88
87 x141433 16 24682 92
87 x141433 17 62424 201
87 x141433 18 34530 186
87 x141433 19 10117 70
87 x141433 20 45400 173
87 x141433 21 28210 117
87 x141433 22 49720 206
87 x141433 23 62847 288
87 x141433 24 26520 234
87 x141433 25 68262 326
87 x141433 26 43641 123
87 x141433 27 47052 171
87 x141433 28 47068 165
87 x141433 29 110316 356
87 x141433 30 61770 197
87 x141433 31 46314 231
87 x141433 32 11221 147
88 j908933 1 1098 12
88 j908933 2 2236 30
88 j908933 3 2502 35
88 j908933 4 7652 79
88 j908933 5 8030 39
88 j908933 6 6444 39
88 j908933 7 19194 75
88 j908933 8 45456 162
88 j908933 9 10869 65
88 j908933 10 21690 94
88 j908933 11 18436 58
88 j908933 12 13208 87
88 j908933 13 44941 174
88 j908933 14 17122 85
88 j908933 15 23497 196
88 j908933 16 20693 86
88 j908933 17 17017 95
88 j908933 18 20340 98
88 j908933 19 105716 487
88 j908933 20 40490 216
88 j908933 21 107289 384
88 j908933 22 12562 106
88 j908933 23 61962 182
88 j908933 24 39712 132
88 j908933 25 31250 136
88 j908933 26 29614 96
88 j908933 27 27054 269
88 j908933 28 34356 332
88 j908933 29 47676 175
88 j908933 30 44850 212
88 j908933 31 67301 280
88 j908933 32 55498 199
89 r903379 1 1178 17
89 r903379 2 2516 44
89 r903379 3 3606 45
89 r903379 4 6740 62
89 r903379 5 4633 66
89 r903379 6 5154 46
89 r903379 7 2970 37
89 r903379 8 9184 95
89 r903379 9 45621 239
89 r903379 10 22395 84
89 r903379 11 35816 120
89 r903379 12 51432 445
89 r903379 13 8482 45
89 r903379 14 37709 154
89 r903379 15 16020 87
89 r903379 16 44912 144
89 r903379 17 25330 205
89 r903379 18 69102 214
89 r903379 19 32651 103
89 r903379 20 64400 265
89 r903379 21 47439 312
89 r903379 22 46167 163
89 r903379 23 26465 97
89 r903379 24 20592 82
89 r903379 25 19562 98
89 r903379 26 153634 551
89 r903379 27 51853 143
89 r903379 28 95396 260
89 r903379 29 52925 226
89 r903379 30 28490 128
89 r903379 31 108283 290
89 r903379 32 102112 635
90 w986933 1 1316 24
90 w986933 2 1763 36
90 w986933 3 4762 18
90 w986933 4 12000 47
90 w986933 5 8863 53
90 w986933 6 8757 43
90 w986933 7 8152 107
90 w986933 8 14340 71
90 w986933 9 13167 107
90 w986933 10 34920 169
90 w986933 11 9630 111
90 w986933 12 12924 65
90 w986933 13 27846 147
90 w986933 14 39774 161
90 w986933 15 40635 336
90 w986933 16 8416 78
90 w986933 17 64464 215
90 w986933 18 30498 135
90 w986933 19 75829 249
90 w986933 20 30780 136
90 w986933 21 35049 165
90 w986933 22 38203 109
90 w986933 23 32637 111
90 w986933 24 62496 253
90 w986933 25 16950 74
90 w986933 26 53638 170
90 w986933 27 11853 144
90 w986933 28 55738 291
90 w986933 29 171013 1671
90 w986933 30 69105 290
90 w986933 31 64573 227
90 w986933 32 19056 108
91 f355202 1 1031 20
91 f355202 2 3002 47
91 f355202 3 6873 70
91 f355202 4 3422 34
91 f355202 5 3360 51
91 f355202 6 9126 68
91 f355202 7 19222 108
91 f355202 8 23912 154
91 f355202 9 30393 197
91 f355202 10 53010 174
91 f355202 11 21829 130
91 f355202 12 7884 79
91 f355202 13 4420 40
91 f355202 14 29848 159
91 f355202 15 16895 113
91 f355202 16 14688 97
91 f355202 17 8831 78
91 f355202 18 36549 177
91 f355202 19 18582 134
91 f355202 20 36273 190
91 f355202 21 38157 158
91 f355202 22 28908 131
91 f355202 23 17020 106
91 f355202 24 43860 258
91 f355202 25 33987 270
91 f355202 26 97786 459
91 f355202 27 79299 251
91 f355202 28 85596 453
91 f355202 29 145261 727
91 f355202 30 60060 158
91 f355202 31 87885 280
91 f355202 32 29280 190
92 f343210 1 1017 17
92 f343210 2 5243 37
92 f343210 3 5003 41
92 f343210 4 8696 55
92 f343210 5 7685 44
92 f343210 6 15900 98
92 f343210 7 7049 80
92 f343210 8 22128 220
92 f343210 9 17968 72
92 f343210 10 26940 88
92 f343210 11 11634 60
92 f343210 12 9024 62
92 f343210 13 17827 101
92 f343210 14 28644 133
92 f343210 15 28260 179
92 f343210 16 35968 320
92 f343210 17 72743 207
92 f343210 18 27564 127
92 f343210 19 24332 147
92 f343210 20 76680 415
92 f343210 21 111615 972
92 f343210 22 57387 273
92 f343210 23 31671 243
92 f343210 24 35748 135
92 f343210 25 41425 306
92 f343210 26 40521 148
92 f343210 27 70051 227
92 f343210 28 158340 515
92 f343210 29 48604 235
92 f343210 30 84390 420
92 f343210 31 60667 221
92 f343210 32 21258 88
93 z611844 1 557 15
93 z611844 2 2550 38
93 z611844 3 6621 75
93 z611844 4 1849 42
93 z611844 5 15600 67
93 z611844 6 9987 56
93 z611844 7 11823 129
93 z611844 8 7880 60
93 z611844 9 3108 40
93 z611844 10 22950 142
93 z611844 11 13040 81
93 z611844 12 36084 113
93 z611844 13 8302 41
93 z611844 14 18760 75
93 z611844 15 31177 94
93 z611844 16 12533 93
93 z611844 17 26715 130
93 z611844 18 25677 104
93 z611844 19 22135 90
93 z611844 20 67760 189
93 z611844 21 49518 299
93 z611844 22 8917 77
93 z611844 23 40234 157
93 z611844 24 26896 251
93 z611844 25 47012 148
93 z611844 26 33548 146
93 z611844 27 41220 255
93 z611844 28 55328 191
93 z611844 29 20155 149
93 z611844 30 13700 105
93 z611844 31 69052 208
93 z611844 32 53237 247
94 m665684 1 663 8
94 m665684 2 3240 25
94 m665684 3 4777 49
94 m665684 4 5862 43
94 m665684 5 14095 125
94 m665684 6 7882 49
94 m665684 7 25669 213
94 m665684 8 21892 129
94 m665684 9 25555 107
94 m665684 10 28490 116
94 m665684 11 19096 77
94 m665684 12 23880 116
94 m665684 13 20039 117
94 m665684 14 46732 245
94 m665684 15 48975 146
94 m665684 16 23178 126
94 m665684 17 22601 71
94 m665684 18 75060 452
94 m665684 19 55879 172
94 m665684 20 24713 95
94 m665684 21 69909 246
94 m665684 22 25644 98
94 m665684 23 47702 416
94 m665684 24 28104 103
94 m665684 25 48550 366
94 m665684 26 56706 367
94 m665684 27 35991 132
94 m665684 28 15782 130
94 m665684 29 12808 136
94 m665684 30 11060 131
94 m665684 31 87048 545
94 m665684 32 127616 380
95 m730002 1 909 42
95 m730002 2 3022 32
95 m730002 3 5213 47
95 m730002 4 4148 52
95 m730002 5 22835 245
95 m730002 6 10560 42
95 m730002 7 6300 50
95 m730002 8 4650 43
95 m730002 9 11871 61
95 m730002 10 28285 259
95 m730002 11 10981 123
95 m730002 12 35466 114
95 m730002 13 7275 60
95 m730002 14 28518 98
95 m730002 15 9395 84
95 m730002 16 31850 194
95 m730002 17 68833 440
95 m730002 18 10086 105
95 m730002 19 6973 55
95 m730002 20 12386 158
95 m730002 21 101955 290
95 m730002 22 45804 159
95 m730002 23 38180 139
95 m730002 24 59676 286
95 m730002 25 44675 172
95 m730002 26 76024 248
95 m730002 27 28107 106
95 m730002 28 72380 272
95 m730002 29 31813 240
95 m730002 30 107490 686
95 m730002 31 63178 204
95 m730002 32 121920 320
96 c678992 1 653 18
96 c678992 2 3968 39
96 c678992 3 13326 51
96 c678992 4 4474 39
96 c678992 5 6937 80
96 c678992 6 7842 44
96 c678992 7 5243 36
96 c678992 8 7272 78
96 c678992 9 10575 51
96 c678992 10 19740 217
96 c678992 11 24189 95
96 c678992 12 17212 149
96 c678992 13 4437 34
96 c678992 14 39956 146
96 c678992 15 20325 90
96 c678992 16 18005 67
96 c678992 17 50745 205
96 c678992 18 22923 74
96 c678992 19 11476 70
96 c678992 20 37040 173
96 c678992 21 59871 361
96 c678992 22 46706 172
96 c678992 23 37942 231
96 c678992 24 19496 75
96 c678992 25 131400 577
96 c678992 26 24414 217
96 c678992 27 71388 449
96 c678992 28 58590 180
96 c678992 29 36279 188
96 c678992 30 131700 519
96 c678992 31 180172 548
96 c678992 32 35488 286
97 g471310 1 1493 26
97 g471310 2 2554 38
97 g471310 3 1197 27
97 g471310 4 7434 26
97 g471310 5 8580 38
97 g471310 6 32568 176
97 g471310 7 10465 82
97 g471310 8 11877 46
97 g471310 9 33282 155
97 g471310 10 10840 57
97 g471310 11 29133 120
97 g471310 12 18148 91
97 g471310 13 6287 57
97 g471310 14 18312 120
97 g471310 15 77775 215
97 g471310 16 49024 167
97 g471310 17 65637 670
97 g471310 18 9426 85
97 g471310 19 56506 291
97 g471310 20 12153 50
97 g471310 21 26047 116
97 g471310 22 11726 63
97 g471310 23 69943 521
97 g471310 24 28572 129
97 g471310 25 70462 324
97 g471310 26 45708 232
97 g471310 27 16371 153
97 g471310 28 119084 701
97 g471310 29 60769 261
97 g471310 30 148620 989
97 g471310 31 46314 318
97 g471310 32 111552 298
98 a658010 1 716 35
98 a658010 2 4588 20
98 a658010 3 4250 48
98 a658010 4 3282 18
98 a658010 5 9300 49
98 a658010 6 5979 30
98 a658010 7 11385 67
98 a658010 8 23120 80
98 a658010 9 23710 81
98 a658010 10 47640 382
98 a658010 11 54758 155
98 a658010 12 16392 69
98 a658010 13 7514 92
98 a658010 14 22306 94
98 a658010 15 52425 543
98 a658010 16 30517 264
98 a658010 17 12206 75
98 a658010 18 41733 133
98 a658010 19 112157 431
98 a658010 20 9566 130
98 a658010 21 98574 280
98 a658010 22 43648 311
98 a658010 23 20470 95
98 a658010 24 13088 67
98 a658010 25 68000 591
98 a658010 26 48555 264
98 a658010 27 107919 785
98 a658010 28 40292 205
98 a658010 29 30401 146
98 a658010 30 49550 238
98 a658010 31 13888 115
98 a658010 32 20661 108
99 t835365 1 1261 28
99 t835365 2 5083 50
99 t835365 3 16572 148
99 t835365 4 14192 56
99 t835365 5 12777 114
99 t835365 6 17349 83
99 t835365 7 15064 80
99 t835365 8 5896 40
99 t835365 9 51462 189
99 t835365 10 11715 68
99 t835365 11 8767 113
99 t835365 12 15372 60
99 t835365 13 29783 137
99 t835365 14 20902 109
99 t835365 15 11227 71
99 t835365 16 8128 40
99 t835365 17 10721 118
99 t835365 18 34821 110
99 t835365 19 38608 303
99 t835365 20 10913 53
99 t835365 21 44079 180
99 t835365 22 35904 204
99 t835365 23 44405 207
99 t835365 24 90648 516
99 t835365 25 54462 370
99 t835365 26 130416 945
99 t835365 27 22842 119
99 t835365 28 163996 535
99 t835365 29 31668 130
99 t835365 30 153570 356
99 t835365 31 13123 147
99 t835365 32 29376 116
100 p312310 1 1245 26
100 p312310 2 3255 45
100 p312310 3 8407 51
100 p312310 4 9012 46
100 p312310 5 13152 47
100 p312310 6 14238 153
100 p312310 7 13268 78
100 p312310 8 22744 101
100 p312310 9 12720 102
100 p312310 10 11625 71
100 p312310 11 55792 180
100 p312310 12 12524 76
100 p312310 13 21809 97
100 p312310 14 74886 406
100 p312310 15 28850 100
100 p312310 16 74944 639
100 p312310 17 26644 110
100 p312310 18 65520 232
100 p312310 19 34846 224
100 p312310 20 18113 232
100 p312310 21 27517 268
100 p312310 22 32263 346
100 p312310 23 29003 167
100 p312310 24 98856 374
100 p312310 25 64787 361
100 p312310 26 18728 108
100 p312310 27 31387 146
100 p312310 28 70224 451
100 p312310 29 141752 364
100 p312310 30 30840 201
100 p312310 31 66448 263
100 p312310 32 103328 431
