1 s391076 1 574 23
1 s391076 2 2142 30
1 s391076 3 4524 46
1 s391076 4 2852 37
1 s391076 5 1940 19
1 s391076 6 11256 48
1 s391076 7 14854 61
1 s391076 8 8008 45
1 s391076 9 33741 114
1 s391076 10 10736 136
1 s391076 11 25503 252
1 s391076 12 10224 68
1 s391076 13 24344 115
1 s391076 14 40656 174
1 s391076 15 12820 69
1 s391076 16 17400 73
1 s391076 17 31971 199
1 s391076 18 15489 125
1 s391076 19 26239 128
1 s391076 20 36100 145
1 s391076 21 21385 178
1 s391076 22 40898 255
1 s391076 23 21673 127
1 s391076 24 24416 166
1 s391076 25 42325 361
1 s391076 26 51532 213
1 s391076 27 41328 142
1 s391076 28 142072 1176
1 s391076 29 61378 354
1 s391076 30 147270 693
1 s391076 31 106206 959
1 s391076 32 171808 428
1 s391076 33 124905 536
1 s391076 34 14812 113
1 s391076 35 51006 291
1 s391076 36 73080 281
1 s391076 37 41871 455
1 s391076 38 101764 312
1 s391076 39 32916 157
1 s391076 40 68120 428
2 t288889 1 1041 21
2 t288889 2 8056 39
2 t288889 3 2853 24
2 t288889 4 7701 39
2 t288889 5 1796 36
2 t288889 6 8642 46
2 t288889 7 8137 59
2 t288889 8 2853 29
2 t288889 9 7749 49
2 t288889 10 27550 124
2 t288889 11 27791 101
2 t288889 12 11540 135
2 t288889 13 27248 117
2 t288889 14 18018 101
2 t288889 15 17340 71
2 t288889 16 95888 922
2 t288889 17 84779 323
2 t288889 18 26088 234
2 t288889 19 109611 735
2 t288889 20 112500 575
2 t288889 21 34370 131
2 t288889 22 37829 121
2 t288889 23 62203 230
2 t288889 24 15488 97
2 t288889 25 119475 400
2 t288889 26 48529 268
2 t288889 27 45702 257
2 t288889 28 98224 559
2 t288889 29 59885 576
2 t288889 30 47070 526
2 t288889 31 51480 197
2 t288889 32 40000 431
2 t288889 33 82434 289
2 t288889 34 77231 731
2 t288889 35 70420 467
2 t288889 36 35688 353
2 t288889 37 94350 320
2 t288889 38 209532 530
2 t288889 39 28489 143
2 t288889 40 84800 391
3 p230165 1 758 36
3 p230165 2 10694 87
3 p230165 3 6357 29
3 p230165 4 17988 66
3 p230165 5 12557 63
3 p230165 6 9036 52
3 p230165 7 6993 44
3 p230165 8 22648 71
3 p230165 9 50751 313
3 p230165 10 26405 175
3 p230165 11 20438 128
3 p230165 12 14496 104
3 p230165 13 26299 156
3 p230165 14 27766 202
3 p230165 15 28095 155
3 p230165 16 50192 169
3 p230165 17 30413 132
3 p230165 18 79938 270
3 p230165 19 34440 271
3 p230165 20 18480 170
3 p230165 21 41979 217
3 p230165 22 14784 137
3 p230165 23 16387 140
3 p230165 24 41936 148
3 p230165 25 43683 167
3 p230165 26 37102 298
3 p230165 27 140076 390
3 p230165 28 29708 155
3 p230165 29 40445 264
3 p230165 30 43710 411
3 p230165 31 138818 393
3 p230165 32 42624 182
3 p230165 33 26873 124
3 p230165 34 44574 412
3 p230165 35 12635 108
3 p230165 36 97074 381
3 p230165 37 108539 1053
3 p230165 38 112157 357
3 p230165 39 64740 390
3 p230165 40 219200 1461
4 o848655 1 693 7
4 o848655 2 3572 36
4 o848655 3 5457 38
4 o848655 4 6128 57
4 o848655 5 14035 119
4 o848655 6 12522 114
4 o848655 7 12145 79
4 o848655 8 10056 61
4 o848655 9 15826 156
4 o848655 10 10475 50
4 o848655 11 31834 132
4 o848655 12 8676 99
4 o848655 13 24570 104
4 o848655 14 27685 134
4 o848655 15 65865 281
4 o848655 16 17952 148
4 o848655 17 12245 113
4 o848655 18 40554 199
4 o848655 19 55157 180
4 o848655 20 20266 95
4 o848655 21 48300 319
4 o848655 22 46354 164
4 o848655 23 18875 96
4 o848655 24 22428 182
4 o848655 25 21487 113
4 o848655 26 33436 320
4 o848655 27 44536 156
4 o848655 28 11778 74
4 o848655 29 151583 392
4 o848655 30 26700 258
4 o848655 31 34647 156
4 o848655 32 45333 209
4 o848655 33 114939 331
4 o848655 34 34272 120
4 o848655 35 132755 1012
4 o848655 36 121716 637
4 o848655 37 52836 287
4 o848655 38 27942 135
4 o848655 39 45630 160
4 o848655 40 54640 340
5 e200905 1 1316 35
5 e200905 2 2226 34
5 e200905 3 4437 46
5 e200905 4 6940 49
5 e200905 5 10610 50
5 e200905 6 30336 188
5 e200905 7 9263 32
5 e200905 8 25960 237
5 e200905 9 11733 44
5 e200905 10 47080 387
5 e200905 11 3776 51
5 e200905 12 9052 127
5 e200905 13 25662 109
5 e200905 14 18228 93
5 e200905 15 17135 73
5 e200905 16 9160 77
5 e200905 17 17187 74
5 e200905 18 19872 210
5 e200905 19 6371 71
5 e200905 20 44680 173
5 e200905 21 31864 204
5 e200905 22 37906 124
5 e200905 23 37405 330
5 e200905 24 28068 91
5 e200905 25 37191 131
5 e200905 26 42570 156
5 e200905 27 65718 174
5 e200905 28 36792 131
5 e200905 29 58261 233
5 e200905 30 47835 161
5 e200905 31 31361 143
5 e200905 32 22517 166
5 e200905 33 143616 1304
5 e200905 34 35598 135
5 e200905 35 16228 101
5 e200905 36 95526 567
5 e200905 37 104266 292
5 e200905 38 71060 532
5 e200905 39 81295 267
5 e200905 40 45740 138
6 g542452 1 1196 23
6 g542452 2 4255 32
6 g542452 3 7102 42
6 g542452 4 3468 35
6 g542452 5 28185 89
6 g542452 6 3550 43
6 g542452 7 2387 48
6 g542452 8 8160 43
6 g542452 9 6133 53
6 g542452 10 19895 116
6 g542452 11 9944 52
6 g542452 12 31128 281
6 g542452 13 15385 70
6 g542452 14 21532 111
6 g542452 15 36150 179
6 g542452 16 27360 123
6 g542452 17 34697 119
6 g542452 18 8058 60
6 g542452 19 21723 169
6 g542452 20 108240 319
6 g542452 21 37474 138
6 g542452 22 101046 544
6 g542452 23 49990 233
6 g542452 24 51528 196
6 g542452 25 37425 116
6 g542452 26 150618 673
6 g542452 27 142830 502
6 g542452 28 12609 105
6 g542452 29 46390 505
6 g542452 30 39330 133
6 g542452 31 21591 110
6 g542452 32 53589 354
6 g542452 33 192522 492
6 g542452 34 38635 135
6 g542452 35 65333 183
6 g542452 36 55152 218
6 g542452 37 61790 406
6 g542452 38 198284 1112
6 g542452 39 141453 487
6 g542452 40 21640 170
7 c669974 1 861 11
7 c669974 2 2955 35
7 c669974 3 8862 36
7 c669974 4 7978 49
7 c669974 5 7665 57
7 c669974 6 33042 193
7 c669974 7 8901 53
7 c669974 8 7700 54
7 c669974 9 39744 191
7 c669974 10 18996 79
7 c669974 11 24541 163
7 c669974 12 38316 143
7 c669974 13 22914 208
7 c669974 14 79212 286
7 c669974 15 68475 421
7 c669974 16 80608 255
7 c669974 17 5751 66
7 c669974 18 20736 74
7 c669974 19 47956 143
7 c669974 20 77960 211
7 c669974 21 11277 54
7 c669974 22 33176 146
7 c669974 23 135792 686
7 c669974 24 28600 135
7 c669974 25 66087 200
7 c669974 26 88192 276
7 c669974 27 101007 260
7 c669974 28 158340 1044
7 c669974 29 78329 281
7 c669974 30 16340 130
7 c669974 31 152520 516
7 c669974 32 104704 688
7 c669974 33 133716 396
7 c669974 34 103802 258
7 c669974 35 66412 259
7 c669974 36 214956 844
7 c669974 37 51294 358
7 c669974 38 97223 434
7 c669974 39 133419 601
7 c669974 40 191560 500
8 r762190 1 628 10
8 r762190 2 1660 33
8 r762190 3 16716 74
8 r762190 4 4940 65
8 r762190 5 3816 43
8 r762190 6 17832 187
8 r762190 7 8522 57
8 r762190 8 15805 49
8 r762190 9 6421 48
8 r762190 10 29650 115
8 r762190 11 15785 97
8 r762190 12 21328 166
8 r762190 13 9797 44
8 r762190 14 28483 302
8 r762190 15 9510 98
8 r762190 16 31322 169
8 r762190 17 20332 100
8 r762190 18 21666 76
8 r762190 19 29554 128
8 r762190 20 21300 113
8 r762190 21 19579 80
8 r762190 22 96624 601
8 r762190 23 84847 804
8 r762190 24 45192 146
8 r762190 25 28212 121
8 r762190 26 29198 307
8 r762190 27 60291 488
8 r762190 28 44996 434
8 r762190 29 14297 95
8 r762190 30 69075 267
8 r762190 31 46448 312
8 r762190 32 25429 142
8 r762190 33 48224 214
8 r762190 34 40902 140
8 r762190 35 18433 138
8 r762190 36 46032 277
8 r762190 37 39553 402
8 r762190 38 41432 199
8 r762190 39 134238 1035
8 r762190 40 20653 268
9 y450430 1 1460 13
9 y450430 2 949 25
9 y450430 3 4257 43
9 y450430 4 4226 35
9 y450430 5 26815 114
9 y450430 6 13236 53
9 y450430 7 19008 73
9 y450430 8 12914 114
9 y450430 9 17439 65
9 y450430 10 25180 108
9 y450430 11 32048 91
9 y450430 12 24018 112
9 y450430 13 56368 572
9 y450430 14 34636 152
9 y450430 15 6730 69
9 y450430 16 39296 171
9 y450430 17 29285 111
9 y450430 18 27360 110
9 y450430 19 34073 193
9 y450430 20 20446 107
9 y450430 21 17227 76
9 y450430 22 20291 103
9 y450430 23 38709 124
9 y450430 24 51048 393
9 y450430 25 30391 163
9 y450430 26 63843 207
9 y450430 27 31414 164
9 y450430 28 17626 163
9 y450430 29 35264 160
9 y450430 30 82050 238
9 y450430 31 91713 675
9 y450430 32 65696 383
9 y450430 33 26708 114
9 y450430 34 62628 202
9 y450430 35 18888 155
9 y450430 36 210816 910
9 y450430 37 94350 342
9 y450430 38 102410 356
9 y450430 39 191295 1855
9 y450430 40 53280 276
10 x903793 1 1069 39
10 x903793 2 3173 38
10 x903793 3 6324 34
10 x903793 4 2209 43
10 x903793 5 6258 50
10 x903793 6 24906 106
10 x903793 7 2716 55
10 x903793 8 11125 98
10 x903793 9 25785 154
10 x903793 10 18600 130
10 x903793 11 14718 91
10 x903793 12 65484 340
10 x903793 13 20704 141
10 x903793 14 38423 119
10 x903793 15 9535 86
10 x903793 16 13210 163
10 x903793 17 17238 94
10 x903793 18 9792 78
10 x903793 19 18854 90
10 x903793 20 37513 328
10 x903793 21 77217 212
10 x903793 22 10574 75
10 x903793 23 36677 157
10 x903793 24 77208 206
10 x903793 25 30850 122
10 x903793 26 17506 98
10 x903793 27 128034 965
10 x903793 28 116844 943
10 x903793 29 158456 365
10 x903793 30 115650 286
10 x903793 31 35510 160
10 x903793 32 51861 441
10 x903793 33 83952 248
10 x903793 34 59976 209
10 x903793 35 33005 203
10 x903793 36 43980 387
10 x903793 37 73408 274
10 x903793 38 45562 194
10 x903793 39 31213 185
10 x903793 40 203320 915
11 w484374 1 770 20
11 w484374 2 3948 28
11 w484374 3 4386 58
11 w484374 4 5882 47
11 w484374 5 7345 42
11 w484374 6 3657 27
11 w484374 7 22561 77
11 w484374 8 7520 95
11 w484374 9 3573 56
11 w484374 10 29010 74
11 w484374 11 17803 88
11 w484374 12 11922 143
11 w484374 13 26500 201
11 w484374 14 12656 69
11 w484374 15 29775 148
11 w484374 16 21712 86
11 w484374 17 19334 72
11 w484374 18 81522 550
11 w484374 19 18176 113
11 w484374 20 25700 114
11 w484374 21 34762 149
11 w484374 22 36674 141
11 w484374 23 52440 230
11 w484374 24 123816 536
11 w484374 25 25025 113
11 w484374 26 41938 168
11 w484374 27 147933 404
11 w484374 28 80528 331
11 w484374 29 70020 644
11 w484374 30 52630 188
11 w484374 31 129177 358
11 w484374 32 84656 488
11 w484374 33 58861 324
11 w484374 34 116416 336
11 w484374 35 57936 485
11 w484374 36 30564 156
11 w484374 37 180301 481
11 w484374 38 177042 818
11 w484374 39 152412 1111
11 w484374 40 49140 198
12 q302157 1 1155 34
12 q302157 2 1628 24
12 q302157 3 3293 17
12 q302157 4 2378 25
12 q302157 5 8468 62
12 q302157 6 10032 56
12 q302157 7 11671 62
12 q302157 8 31632 101
12 q302157 9 37458 188
12 q302157 10 12050 54
12 q302157 11 23210 81
12 q302157 12 11160 76
12 q302157 13 8612 66
12 q302157 14 12954 66
12 q302157 15 25170 103
12 q302157 16 34672 131
12 q302157 17 7752 79
12 q302157 18 98856 393
12 q302157 19 25080 96
12 q302157 20 47450 160
12 q302157 21 9982 52
12 q302157 22 24104 111
12 q302157 23 7804 98
12 q302157 24 13488 126
12 q302157 25 20675 76
12 q302157 26 42809 148
12 q302157 27 11016 111
12 q302157 28 27589 238
12 q302157 29 79431 292
12 q302157 30 33030 127
12 q302157 31 27574 144
12 q302157 32 78528 713
12 q302157 33 55451 252
12 q302157 34 38454 154
12 q302157 35 24395 117
12 q302157 36 46392 419
12 q302157 37 35353 202
12 q302157 38 33034 155
12 q302157 39 32721 331
12 q302157 40 51360 188
13 g699852 1 1190 30
13 g699852 2 2330 29
13 g699852 3 4194 44
13 g699852 4 11268 58
13 g699852 5 10137 62
13 g699852 6 5730 34
13 g699852 7 12187 74
13 g699852 8 10213 106
13 g699852 9 11154 95
13 g699852 10 43370 143
13 g699852 11 20801 212
13 g699852 12 9504 47
13 g699852 13 21796 66
13 g699852 14 41020 363
13 g699852 15 28500 119
13 g699852 16 12096 100
13 g699852 17 18462 161
13 g699852 18 22383 133
13 g699852 19 82612 213
13 g699852 20 55720 154
13 g699852 21 52395 262
13 g699852 22 41360 127
13 g699852 23 40556 136
13 g699852 24 51744 374
13 g699852 25 134250 516
13 g699852 26 49079 163
13 g699852 27 125712 516
13 g699852 28 77980 428
13 g699852 29 15761 193
13 g699852 30 20240 167
13 g699852 31 66526 204
13 g699852 32 39264 177
13 g699852 33 30772 158
13 g699852 34 94418 764
13 g699852 35 152040 379
13 g699852 36 40374 388
13 g699852 37 34089 118
13 g699852 38 52516 177
13 g699852 39 91669 481
13 g699852 40 109560 370
14 o696179 1 600 16
14 o696179 2 3358 18
14 o696179 3 3795 30
14 o696179 4 21164 93
14 o696179 5 6440 44
14 o696179 6 35568 111
14 o696179 7 32998 138
14 o696179 8 7872 59
14 o696179 9 12879 77
14 o696179 10 26640 217
14 o696179 11 10109 65
14 o696179 12 22960 192
14 o696179 13 28073 159
14 o696179 14 9851 66
14 o696179 15 35692 221
14 o696179 16 65952 385
14 o696179 17 18122 88
14 o696179 18 12393 150
14 o696179 19 99864 363
14 o696179 20 51820 325
14 o696179 21 23898 179
14 o696179 22 25527 134
14 o696179 23 60697 216
14 o696179 24 36432 392
14 o696179 25 119500 359
14 o696179 26 89570 258
14 o696179 27 113184 284
14 o696179 28 10444 72
14 o696179 29 41847 324
14 o696179 30 61155 518
14 o696179 31 85281 217
14 o696179 32 41360 299
14 o696179 33 153978 1357
14 o696179 34 172584 593
14 o696179 35 23111 110
14 o696179 36 47268 422
14 o696179 37 16489 86
14 o696179 38 64916 235
14 o696179 39 143091 819
14 o696179 40 61620 197
15 q632375 1 1033 10
15 q632375 2 2461 24
15 q632375 3 3022 61
15 q632375 4 11094 35
15 q632375 5 12520 51
15 q632375 6 10794 96
15 q632375 7 10010 38
15 q632375 8 9125 90
15 q632375 9 32526 283
15 q632375 10 19636 123
15 q632375 11 34155 202
15 q632375 12 27672 169
15 q632375 13 17576 115
15 q632375 14 11977 55
15 q632375 15 23455 202
15 q632375 16 34480 107
15 q632375 17 101932 334
15 q632375 18 18864 183
15 q632375 19 25137 111
15 q632375 20 62680 382
15 q632375 21 34177 157
15 q632375 22 32156 245
15 q632375 23 57086 157
15 q632375 24 30344 129
15 q632375 25 74625 217
15 q632375 26 17082 125
15 q632375 27 40635 464
15 q632375 28 44898 180
15 q632375 29 118030 307
15 q632375 30 39660 152
15 q632375 31 137640 527
15 q632375 32 171200 935
15 q632375 33 75256 349
15 q632375 34 26656 124
15 q632375 35 142800 365
15 q632375 36 20964 127
15 q632375 37 19573 181
15 q632375 38 141664 512
15 q632375 39 126867 1232
15 q632375 40 83000 463
16 e561217 1 782 12
16 e561217 2 1517 33
16 e561217 3 7878 83
16 e561217 4 3114 20
16 e561217 5 9875 45
16 e561217 6 8490 34
16 e561217 7 6814 42
16 e561217 8 9941 60
16 e561217 9 42831 152
16 e561217 10 3696 36
16 e561217 11 49445 319
16 e561217 12 19608 84
16 e561217 13 9646 124
16 e561217 14 31024 109
16 e561217 15 27710 124
16 e561217 16 65536 645
16 e561217 17 26032 152
16 e561217 18 28566 116
16 e561217 19 13610 83
16 e561217 20 105620 539
16 e561217 21 33733 128
16 e561217 22 115940 475
16 e561217 23 26388 204
16 e561217 24 45600 156
16 e561217 25 12550 84
16 e561217 26 60151 234
16 e561217 27 65043 328
16 e561217 28 22269 89
16 e561217 29 15592 103
16 e561217 30 22380 106
16 e561217 31 23177 155
16 e561217 32 50752 354
16 e561217 33 57387 374
16 e561217 34 101320 1063
16 e561217 35 76755 261
16 e561217 36 44316 162
16 e561217 37 65033 178
16 e561217 38 19278 227
16 e561217 39 45071 232
16 e561217 40 150920 519
17 s413872 1 1052 36
17 s413872 2 2476 37
17 s413872 3 2974 54
17 s413872 4 21144 79
17 s413872 5 26875 286
17 s413872 6 10090 70
17 s413872 7 3467 31
17 s413872 8 6018 56
17 s413872 9 17901 83
17 s413872 10 26350 75
17 s413872 11 39325 135
17 s413872 12 9990 67
17 s413872 13 8619 57
17 s413872 14 25690 218
17 s413872 15 30787 159
17 s413872 16 67552 274
17 s413872 17 42831 220
17 s413872 18 10224 79
17 s413872 19 63232 337
17 s413872 20 31753 134
17 s413872 21 30093 94
17 s413872 22 7751 67
17 s413872 23 26266 222
17 s413872 24 32272 203
17 s413872 25 26083 110
17 s413872 26 41249 151
17 s413872 27 54148 226
17 s413872 28 88088 545
17 s413872 29 31880 128
17 s413872 30 179760 989
17 s413872 31 57257 278
17 s413872 32 88448 291
17 s413872 33 70917 287
17 s413872 34 65722 315
17 s413872 35 66885 371
17 s413872 36 83484 274
17 s413872 37 197543 1512
17 s413872 38 154774 467
17 s413872 39 38337 376
17 s413872 40 90840 384
18 n323572 1 652 27
18 n323572 2 2302 16
18 n323572 3 1887 31
18 n323572 4 7528 37
18 n323572 5 5691 45
18 n323572 6 9864 53
18 n323572 7 41384 216
18 n323572 8 34848 143
18 n323572 9 15304 151
18 n323572 10 29715 100
18 n323572 11 9456 56
18 n323572 12 25764 95
18 n323572 13 10785 84
18 n323572 14 26411 193
18 n323572 15 20467 94
18 n323572 16 14400 66
18 n323572 17 35385 161
18 n323572 18 36549 299
18 n323572 19 34884 167
18 n323572 20 53190 270
18 n323572 21 13944 72
18 n323572 22 14989 83
18 n323572 23 35013 139
18 n323572 24 79104 245
18 n323572 25 23033 110
18 n323572 26 47684 184
18 n323572 27 78070 268
18 n323572 28 59150 601
18 n323572 29 25099 176
18 n323572 30 13540 170
18 n323572 31 90985 223
18 n323572 32 12458 75
18 n323572 33 24139 110
18 n323572 34 25477 150
18 n323572 35 62988 310
18 n323572 36 71340 374
18 n323572 37 73241 220
18 n323572 38 67412 529
18 n323572 39 131586 364
18 n323572 40 58133 397
19 r510243 1 916 37
19 r510243 2 6270 73
19 r510243 3 3115 38
19 r510243 4 4482 47
19 r510243 5 13407 46
19 r510243 6 3128 24
19 r510243 7 2844 28
19 r510243 8 7152 32
19 r510243 9 43398 340
19 r510243 10 6950 59
19 r510243 11 18146 145
19 r510243 12 13716 62
19 r510243 13 21229 77
19 r510243 14 22428 136
19 r510243 15 19030 117
19 r510243 16 28856 102
19 r510243 17 14008 65
19 r510243 18 17280 95
19 r510243 19 54853 326
19 r510243 20 13813 87
19 r510243 21 34552 260
19 r510243 22 9797 52
19 r510243 23 31962 117
19 r510243 24 37584 200
19 r510243 25 47850 183
19 r510243 26 46605 169
19 r510243 27 52677 274
19 r510243 28 71764 335
19 r510243 29 124613 476
19 r510243 30 25035 179
19 r510243 31 12017 96
19 r510243 32 82048 212
19 r510243 33 65340 681
19 r510243 34 103156 295
19 r510243 35 43260 249
19 r510243 36 175068 405
19 r510243 37 38060 147
19 r510243 38 42294 152
19 r510243 39 61074 205
19 r510243 40 56680 232
20 s294596 1 979 15
20 s294596 2 3421 33
20 s294596 3 6079 46
20 s294596 4 18696 127
20 s294596 5 7832 48
20 s294596 6 17358 74
20 s294596 7 13006 57
20 s294596 8 24368 148
20 s294596 9 8292 78
20 s294596 10 8856 36
20 s294596 11 21395 128
20 s294596 12 16140 66
20 s294596 13 6933 47
20 s294596 14 40355 126
20 s294596 15 47415 161
20 s294596 16 54096 168
20 s294596 17 31365 114
20 s294596 18 55746 598
20 s294596 19 34779 135
20 s294596 20 24133 122
20 s294596 21 16296 83
20 s294596 22 23122 124
20 s294596 23 111527 286
20 s294596 24 10152 93
20 s294596 25 21266 110
20 s294596 26 125086 1142
20 s294596 27 125307 312
20 s294596 28 44482 201
20 s294596 29 52287 186
20 s294596 30 55320 368
20 s294596 31 38026 174
20 s294596 32 179808 518
20 s294596 33 63030 328
20 s294596 34 33643 153
20 s294596 35 147175 683
20 s294596 36 87588 280
20 s294596 37 12962 110
20 s294596 38 165566 758
20 s294596 39 196131 672
20 s294596 40 153920 1306
21 x585858 1 833 21
21 x585858 2 6808 31
21 x585858 3 17496 69
21 x585858 4 4920 32
21 x585858 5 26505 141
21 x585858 6 5493 60
21 x585858 7 8817 53
21 x585858 8 41688 131
21 x585858 9 5220 73
21 x585858 10 16870 96
21 x585858 11 17009 135
21 x585858 12 23778 78
21 x585858 13 29308 112
21 x585858 14 22666 205
21 x585858 15 25275 107
21 x585858 16 14224 130
21 x585858 17 18768 111
21 x585858 18 105480 357
21 x585858 19 66880 342
21 x585858 20 52310 175
21 x585858 21 99204 310
21 x585858 22 10530 109
21 x585858 23 12941 134
21 x585858 24 32448 353
21 x585858 25 136975 363
21 x585858 26 118664 667
21 x585858 27 59643 201
21 x585858 28 29362 123
21 x585858 29 97237 411
21 x585858 30 39410 149
21 x585858 31 85513 234
21 x585858 32 83504 344
21 x585858 33 31229 116
21 x585858 34 191182 479
21 x585858 35 55492 220
21 x585858 36 18666 140
21 x585858 37 57744 281
21 x585858 38 33946 256
21 x585858 39 47541 205
21 x585858 40 47780 154
22 q518893 1 742 31
22 q518893 2 2308 12
22 q518893 3 1633 35
22 q518893 4 6746 37
22 q518893 5 10975 51
22 q518893 6 34758 105
22 q518893 7 26803 139
22 q518893 8 14440 116
22 q518893 9 8154 61
22 q518893 10 42900 162
22 q518893 11 21263 93
22 q518893 12 15112 82
22 q518893 13 7085 60
22 q518893 14 75152 189
22 q518893 15 35865 139
22 q518893 16 17194 107
22 q518893 17 9486 70
22 q518893 18 93114 402
22 q518893 19 47509 185
22 q518893 20 22380 120
22 q518893 21 34818 132
22 q518893 22 30019 119
22 q518893 23 23674 109
22 q518893 24 71748 302
22 q518893 25 41508 217
22 q518893 26 57980 205
22 q518893 27 70632 233
22 q518893 28 14616 92
22 q518893 29 72717 180
22 q518893 30 23180 114
22 q518893 31 22134 102
22 q518893 32 62837 581
22 q518893 33 59895 205
22 q518893 34 62310 285
22 q518893 35 100590 277
22 q518893 36 38196 195
22 q518893 37 108003 371
22 q518893 38 59533 342
22 q518893 39 69810 229
22 q518893 40 56000 561
23 p299823 1 558 15
23 p299823 2 4042 27
23 p299823 3 3611 52
23 p299823 4 7542 41
23 p299823 5 9052 116
23 p299823 6 4764 46
23 p299823 7 16166 65
23 p299823 8 16612 66
23 p299823 9 40743 109
23 p299823 10 16486 86
23 p299823 11 32296 143
23 p299823 12 31032 303
23 p299823 13 32272 200
23 p299823 14 29358 149
23 p299823 15 7915 65
23 p299823 16 20229 82
23 p299823 17 24723 106
23 p299823 18 31026 233
23 p299823 19 20450 154
23 p299823 20 35753 232
23 p299823 21 40425 131
23 p299823 22 22748 268
23 p299823 23 40924 181
23 p299823 24 15272 132
23 p299823 25 77425 256
23 p299823 26 48672 224
23 p299823 27 67635 210
23 p299823 28 75740 487
23 p299823 29 56878 468
23 p299823 30 42030 269
23 p299823 31 15500 114
23 p299823 32 68128 598
23 p299823 33 85668 329
23 p299823 34 115770 778
23 p299823 35 13883 202
23 p299823 36 80064 522
23 p299823 37 100159 300
23 p299823 38 76798 527
23 p299823 39 198003 512
23 p299823 40 100440 371
24 w505497 1 1392 23
24 w505497 2 2190 46
24 w505497 3 4654 41
24 w505497 4 17936 48
24 w505497 5 23220 74
24 w505497 6 22086 132
24 w505497 7 32557 160
24 w505497 8 18536 117
24 w505497 9 15429 134
24 w505497 10 17370 51
24 w505497 11 19767 101
24 w505497 12 27432 114
24 w505497 13 24544 146
24 w505497 14 37961 132
24 w505497 15 9265 47
24 w505497 16 7264 59
24 w505497 17 61098 285
24 w505497 18 49788 183
24 w505497 19 94810 277
24 w505497 20 59580 255
24 w505497 21 56206 200
24 w505497 22 31980 110
24 w505497 23 23724 238
24 w505497 24 31520 238
24 w505497 25 36225 116
24 w505497 26 92846 479
24 w505497 27 60372 641
24 w505497 28 71372 429
24 w505497 29 36380 394
24 w505497 30 165870 896
24 w505497 31 19654 130
24 w505497 32 36917 257
24 w505497 33 23408 195
24 w505497 34 134334 339
24 w505497 35 44216 325
24 w505497 36 102780 338
24 w505497 37 68653 331
24 w505497 38 45486 313
24 w505497 39 81549 285
24 w505497 40 93340 389
25 s756660 1 737 16
25 s756660 2 3711 38
25 s756660 3 2689 51
25 s756660 4 7498 63
25 s756660 5 10905 73
25 s756660 6 9174 68
25 s756660 7 9471 88
25 s756660 8 8093 82
25 s756660 9 35838 361
25 s756660 10 8560 55
25 s756660 11 30129 131
25 s756660 12 25182 118
25 s756660 13 6768 77
25 s756660 14 22855 202
25 s756660 15 13912 104
25 s756660 16 52736 269
25 s756660 17 34170 162
25 s756660 18 8544 52
25 s756660 19 89509 226
25 s756660 20 18413 67
25 s756660 21 30964 121
25 s756660 22 38236 161
25 s756660 23 84985 300
25 s756660 24 94440 245
25 s756660 25 25933 116
25 s756660 26 155402 707
25 s756660 27 23400 101
25 s756660 28 149464 1047
25 s756660 29 86681 227
25 s756660 30 91290 260
25 s756660 31 24304 173
25 s756660 32 152448 391
25 s756660 33 65604 574
25 s756660 34 11344 72
25 s756660 35 64277 180
25 s756660 36 50124 187
25 s756660 37 215784 568
25 s756660 38 213294 758
25 s756660 39 23582 102
25 s756660 40 102060 321
26 u394813 1 1120 20
26 u394813 2 5568 42
26 u394813 3 3298 45
26 u394813 4 5678 46
26 u394813 5 12017 144
26 u394813 6 23712 83
26 u394813 7 9152 105
26 u394813 8 6112 30
26 u394813 9 12183 133
26 u394813 10 28160 96
26 u394813 11 30272 136
26 u394813 12 16536 102
26 u394813 13 56459 279
26 u394813 14 26240 76
26 u394813 15 34530 237
26 u394813 16 18928 97
26 u394813 17 11072 64
26 u394813 18 34770 176
26 u394813 19 34627 137
26 u394813 20 31920 194
26 u394813 21 8533 94
26 u394813 22 49500 160
26 u394813 23 10028 89
26 u394813 24 37312 235
26 u394813 25 30450 203
26 u394813 26 46410 188
26 u394813 27 67783 249
26 u394813 28 42840 164
26 u394813 29 18627 86
26 u394813 30 46030 155
26 u394813 31 39700 169
26 u394813 32 113888 1043
26 u394813 33 29909 218
26 u394813 34 146268 515
26 u394813 35 44275 161
26 u394813 36 18126 110
26 u394813 37 13455 91
26 u394813 38 73707 272
26 u394813 39 103584 592
26 u394813 40 194640 562
27 l950315 1 1382 33
27 l950315 2 5960 45
27 l950315 3 2600 44
27 l950315 4 5072 23
27 l950315 5 8003 28
27 l950315 6 14922 45
27 l950315 7 12743 74
27 l950315 8 11850 59
27 l950315 9 7470 60
27 l950315 10 23990 135
27 l950315 11 5529 51
27 l950315 12 70680 198
27 l950315 13 20371 97
27 l950315 14 26824 162
27 l950315 15 70500 510
27 l950315 16 26144 233
27 l950315 17 21182 99
27 l950315 18 10215 57
27 l950315 19 28082 165
27 l950315 20 115380 800
27 l950315 21 63168 285
27 l950315 22 22968 128
27 l950315 23 34216 209
27 l950315 24 72408 386
27 l950315 25 37875 140
27 l950315 26 69316 415
27 l950315 27 50314 458
27 l950315 28 110432 415
27 l950315 29 166518 1007
27 l950315 30 32540 240
27 l950315 31 34100 149
27 l950315 32 56149 275
27 l950315 33 44253 185
27 l950315 34 32232 137
27 l950315 35 82757 314
27 l950315 36 69300 749
27 l950315 37 51972 210
27 l950315 38 31426 196
27 l950315 39 100912 506
27 l950315 40 21500 89
28 s165254 1 1107 19
28 s165254 2 4008 49
28 s165254 3 3460 28
28 s165254 4 7232 83
28 s165254 5 8238 34
28 s165254 6 17874 100
28 s165254 7 20132 210
28 s165254 8 9677 35
28 s165254 9 8275 36
28 s165254 10 57370 244
28 s165254 11 26510 91
28 s165254 12 31626 113
28 s165254 13 16588 80
28 s165254 14 16930 104
28 s165254 15 33420 380
28 s165254 16 32768 105
28 s165254 17 26537 113
28 s165254 18 18108 77
28 s165254 19 23769 87
28 s165254 20 68380 272
28 s165254 21 29218 283
28 s165254 22 34716 380
28 s165254 23 118680 646
28 s165254 24 38120 346
28 s165254 25 71012 304
28 s165254 26 96850 569
28 s165254 27 137781 354
28 s165254 28 65562 360
28 s165254 29 84709 317
28 s165254 30 143250 1077
28 s165254 31 52467 242
28 s165254 32 82672 255
28 s165254 33 72006 702
28 s165254 34 99365 363
28 s165254 35 48300 151
28 s165254 36 98550 524
28 s165254 37 99271 316
28 s165254 38 103892 601
28 s165254 39 137319 911
28 s165254 40 49866 224
29 h831258 1 1250 28
29 h831258 2 2416 24
29 h831258 3 4286 29
29 h831258 4 7172 39
29 h831258 5 9167 40
29 h831258 6 28200 91
29 h831258 7 16488 97
29 h831258 8 4109 50
29 h831258 9 16029 65
29 h831258 10 10560 93
29 h831258 11 29282 131
29 h831258 12 16128 109
29 h831258 13 18135 143
29 h831258 14 40747 140
29 h831258 15 13380 69
29 h831258 16 40848 134
29 h831258 17 34799 270
29 h831258 18 22788 170
29 h831258 19 58444 193
29 h831258 20 25470 124
29 h831258 21 111489 681
29 h831258 22 86218 212
29 h831258 23 29624 241
29 h831258 24 43768 173
29 h831258 25 129025 654
29 h831258 26 95420 553
29 h831258 27 47169 384
29 h831258 28 83230 440
29 h831258 29 147929 1040
29 h831258 30 149130 606
29 h831258 31 13485 79
29 h831258 32 18880 142
29 h831258 33 19426 87
29 h831258 34 52008 275
29 h831258 35 85995 448
29 h831258 36 106848 575
29 h831258 37 218115 895
29 h831258 38 40330 293
29 h831258 39 77506 276
29 h831258 40 40186 157
30 m697837 1 780 19
30 m697837 2 5580 34
30 m697837 3 3081 16
30 m697837 4 3452 23
30 m697837 5 7108 63
30 m697837 6 6962 47
30 m697837 7 20531 95
30 m697837 8 23752 135
30 m697837 9 9198 52
30 m697837 10 38150 198
30 m697837 11 11755 55
30 m697837 12 15392 54
30 m697837 13 49114 345
30 m697837 14 23356 82
30 m697837 15 25387 146
30 m697837 16 33328 158
30 m697837 17 14832 60
30 m697837 18 11460 49
30 m697837 19 27664 102
30 m697837 20 44470 371
30 m697837 21 32413 253
30 m697837 22 14329 72
30 m697837 23 36271 271
30 m697837 24 30936 92
30 m697837 25 68500 189
30 m697837 26 149656 511
30 m697837 27 47799 273
30 m697837 28 42840 133
30 m697837 29 29531 300
30 m697837 30 38210 187
30 m697837 31 66557 209
30 m697837 32 53472 154
30 m697837 33 34298 259
30 m697837 34 191998 498
30 m697837 35 166145 815
30 m697837 36 41364 149
30 m697837 37 196026 476
30 m697837 38 127566 447
30 m697837 39 41093 163
30 m697837 40 132800 344
31 x874816 1 1123 15
31 x874816 2 11136 98
31 x874816 3 5669 39
31 x874816 4 11324 79
31 x874816 5 8886 43
31 x874816 6 6360 36
31 x874816 7 10710 63
31 x874816 8 9596 47
31 x874816 9 6417 30
31 x874816 10 59990 477
31 x874816 11 5313 64
31 x874816 12 10212 45
31 x874816 13 18739 86
31 x874816 14 14343 177
31 x874816 15 12937 96
31 x874816 16 31824 362
31 x874816 17 97257 248
31 x874816 18 27666 114
31 x874816 19 15133 98
31 x874816 20 44640 184
31 x874816 21 19614 82
31 x874816 22 23221 119
31 x874816 23 8648 125
31 x874816 24 59856 221
31 x874816 25 12358 118
31 x874816 26 15847 115
31 x874816 27 40770 193
31 x874816 28 54628 177
31 x874816 29 93786 609
31 x874816 30 147210 449
31 x874816 31 38047 233
31 x874816 32 129952 717
31 x874816 33 121176 324
31 x874816 34 50943 368
31 x874816 35 29277 153
31 x874816 36 92592 433
31 x874816 37 33429 363
31 x874816 38 144894 501
31 x874816 39 76557 249
31 x874816 40 155160 721
32 l370502 1 1208 35
32 l370502 2 1584 38
32 l370502 3 4254 46
32 l370502 4 7850 51
32 l370502 5 20495 88
32 l370502 6 23526 84
32 l370502 7 17678 83
32 l370502 8 18008 177
32 l370502 9 15738 161
32 l370502 10 19796 106
32 l370502 11 65945 395
32 l370502 12 13836 69
32 l370502 13 37141 152
32 l370502 14 16324 84
32 l370502 15 29790 116
32 l370502 16 30208 131
32 l370502 17 34263 125
32 l370502 18 92412 333
32 l370502 19 12191 84
32 l370502 20 11610 64
32 l370502 21 28003 112
32 l370502 22 104214 370
32 l370502 23 67114 211
32 l370502 24 120288 474
32 l370502 25 135200 857
32 l370502 26 69680 442
32 l370502 27 94203 263
32 l370502 28 62972 293
32 l370502 29 30363 179
32 l370502 30 38580 239
32 l370502 31 60398 311
32 l370502 32 34272 153
32 l370502 33 139986 1325
32 l370502 34 90049 263
32 l370502 35 68985 194
32 l370502 36 85662 298
32 l370502 37 53631 237
32 l370502 38 214168 627
32 l370502 39 49159 192
32 l370502 40 164200 907
33 n200071 1 1371 12
33 n200071 2 1688 25
33 n200071 3 3079 27
33 n200071 4 4186 43
33 n200071 5 23805 91
33 n200071 6 6357 64
33 n200071 7 8764 64
33 n200071 8 14392 102
33 n200071 9 11121 87
33 n200071 10 18530 92
33 n200071 11 28446 250
33 n200071 12 17576 104
33 n200071 13 43576 370
33 n200071 14 75572 191
33 n200071 15 34897 364
33 n200071 16 55360 432
33 n200071 17 24633 131
33 n200071 18 61956 157
33 n200071 19 16074 93
33 n200071 20 113680 371
33 n200071 21 9821 89
33 n200071 22 70818 219
33 n200071 23 16893 79
33 n200071 24 41688 175
33 n200071 25 55962 304
33 n200071 26 24882 92
33 n200071 27 20403 103
33 n200071 28 33796 135
33 n200071 29 88479 241
33 n200071 30 26790 102
33 n200071 31 34735 106
33 n200071 32 16976 80
33 n200071 33 28479 193
33 n200071 34 68680 287
33 n200071 35 15458 100
33 n200071 36 154152 426
33 n200071 37 44030 190
33 n200071 38 69046 433
33 n200071 39 73788 266
33 n200071 40 203000 526
34 e968578 1 539 21
34 e968578 2 1342 14
34 e968578 3 5905 28
34 e968578 4 5872 47
34 e968578 5 11210 57
34 e968578 6 4802 51
34 e968578 7 6580 53
34 e968578 8 10372 58
34 e968578 9 10453 54
34 e968578 10 5253 42
34 e968578 11 60863 240
34 e968578 12 10992 47
34 e968578 13 18200 101
34 e968578 14 13181 95
34 e968578 15 13335 149
34 e968578 16 6858 67
34 e968578 17 47277 213
34 e968578 18 107838 312
34 e968578 19 70680 260
34 e968578 20 28240 130
34 e968578 21 72513 242
34 e968578 22 50325 424
34 e968578 23 37168 293
34 e968578 24 55080 164
34 e968578 25 34325 309
34 e968578 26 45461 133
34 e968578 27 108432 943
34 e968578 28 73052 223
34 e968578 29 48821 194
34 e968578 30 29300 138
34 e968578 31 110205 388
34 e968578 32 92928 238
34 e968578 33 40458 187
34 e968578 34 79288 255
34 e968578 35 28402 241
34 e968578 36 80316 839
34 e968578 37 38017 267
34 e968578 38 81206 485
34 e968578 39 58168 257
34 e968578 40 59000 258
35 d311875 1 1376 18
35 d311875 2 2498 29
35 d311875 3 16521 98
35 d311875 4 19968 70
35 d311875 5 3815 38
35 d311875 6 11079 91
35 d311875 7 11825 62
35 d311875 8 47552 145
35 d311875 9 21159 93
35 d311875 10 10516 71
35 d311875 11 22935 71
35 d311875 12 23024 127
35 d311875 13 17823 134
35 d311875 14 36820 150
35 d311875 15 28850 214
35 d311875 16 38952 152
35 d311875 17 37383 153
35 d311875 18 12888 124
35 d311875 19 99503 282
35 d311875 20 28460 108
35 d311875 21 43365 131
35 d311875 22 58696 232
35 d311875 23 36616 125
35 d311875 24 40880 154
35 d311875 25 110300 436
35 d311875 26 155922 727
35 d311875 27 159651 625
35 d311875 28 65212 631
35 d311875 29 169592 688
35 d311875 30 36960 345
35 d311875 31 39571 179
35 d311875 32 89328 242
35 d311875 33 32340 201
35 d311875 34 35887 145
35 d311875 35 53340 217
35 d311875 36 177228 1277
35 d311875 37 198838 986
35 d311875 38 38874 199
35 d311875 39 55809 174
35 d311875 40 58540 336
36 e242025 1 1392 33
36 e242025 2 4843 40
36 e242025 3 4738 49
36 e242025 4 4520 48
36 e242025 5 2448 46
36 e242025 6 12804 55
36 e242025 7 4158 80
36 e242025 8 7164 53
36 e242025 9 17514 200
36 e242025 10 15400 75
36 e242025 11 11238 91
36 e242025 12 29850 102
36 e242025 13 25792 90
36 e242025 14 7102 87
36 e242025 15 80940 188
36 e242025 16 8056 76
36 e242025 17 48934 175
36 e242025 18 22470 101
36 e242025 19 65987 236
36 e242025 20 22246 156
36 e242025 21 62538 177
36 e242025 22 46860 487
36 e242025 23 88895 554
36 e242025 24 14792 75
36 e242025 25 91750 329
36 e242025 26 42458 252
36 e242025 27 34848 247
36 e242025 28 19698 109
36 e242025 29 42441 142
36 e242025 30 78300 297
36 e242025 31 49858 145
36 e242025 32 33504 143
36 e242025 33 167442 821
36 e242025 34 40097 221
36 e242025 35 54600 192
36 e242025 36 32760 273
36 e242025 37 69319 244
36 e242025 38 67602 210
36 e242025 39 19617 115
36 e242025 40 50626 154
37 y791887 1 878 15
37 y791887 2 6454 30
37 y791887 3 2980 49
37 y791887 4 4776 37
37 y791887 5 15340 86
37 y791887 6 26610 223
37 y791887 7 12684 67
37 y791887 8 10698 66
37 y791887 9 37197 249
37 y791887 10 16710 150
37 y791887 11 7601 83
37 y791887 12 13152 84
37 y791887 13 31739 122
37 y791887 14 16030 179
37 y791887 15 64920 429
37 y791887 16 48544 153
37 y791887 17 16804 108
37 y791887 18 13770 151
37 y791887 19 54150 237
37 y791887 20 25100 112
37 y791887 21 67137 567
37 y791887 22 35332 148
37 y791887 23 38203 128
37 y791887 24 34712 120
37 y791887 25 113150 352
37 y791887 26 76791 307
37 y791887 27 25758 219
37 y791887 28 28952 270
37 y791887 29 39991 202
37 y791887 30 48360 195
37 y791887 31 161882 560
37 y791887 32 50858 158
37 y791887 33 61864 633
37 y791887 34 12874 136
37 y791887 35 30485 160
37 y791887 36 41076 147
37 y791887 37 116661 942
37 y791887 38 46056 360
37 y791887 39 85644 421
37 y791887 40 92200 739
38 d446906 1 777 25
38 d446906 2 4515 59
38 d446906 3 5700 24
38 d446906 4 5436 66
38 d446906 5 14130 70
38 d446906 6 18354 83
38 d446906 7 12903 60
38 d446906 8 9792 53
38 d446906 9 47835 141
38 d446906 10 17080 99
38 d446906 11 61226 180
38 d446906 12 31272 125
38 d446906 13 7999 76
38 d446906 14 22169 86
38 d446906 15 35175 134
38 d446906 16 32296 293
38 d446906 17 11823 67
38 d446906 18 9837 81
38 d446906 19 15991 100
38 d446906 20 13286 125
38 d446906 21 38843 346
38 d446906 22 36696 166
38 d446906 23 16506 100
38 d446906 24 45200 194
38 d446906 25 17162 83
38 d446906 26 69394 346
38 d446906 27 71712 211
38 d446906 28 103320 356
38 d446906 29 23055 282
38 d446906 30 74685 541
38 d446906 31 48360 253
38 d446906 32 46688 315
38 d446906 33 23463 108
38 d446906 34 62543 218
38 d446906 35 25165 107
38 d446906 36 58734 455
38 d446906 37 108669 709
38 d446906 38 49248 252
38 d446906 39 84415 410
38 d446906 40 37146 150
39 u665000 1 583 11
39 u665000 2 846 23
39 u665000 3 9456 47
39 u665000 4 2380 30
39 u665000 5 28915 89
39 u665000 6 30180 119
39 u665000 7 2557 21
39 u665000 8 10824 48
39 u665000 9 52830 219
39 u665000 10 8245 65
39 u665000 11 36025 111
39 u665000 12 62460 177
39 u665000 13 7884 60
39 u665000 14 25321 87
39 u665000 15 24275 178
39 u665000 16 28944 196
39 u665000 17 27965 213
39 u665000 18 53622 376
39 u665000 19 39539 179
39 u665000 20 26513 135
39 u665000 21 28434 162
39 u665000 22 33337 118
39 u665000 23 9660 59
39 u665000 24 18888 74
39 u665000 25 47733 198
39 u665000 26 42874 185
39 u665000 27 105570 345
39 u665000 28 32942 115
39 u665000 29 25882 124
39 u665000 30 57390 244
39 u665000 31 29398 114
39 u665000 32 34368 155
39 u665000 33 27324 255
39 u665000 34 88655 248
39 u665000 35 180985 892
39 u665000 36 98136 1048
39 u665000 37 50283 193
39 u665000 38 55024 341
39 u665000 39 15795 99
39 u665000 40 103640 384
40 b185831 1 1310 37
40 b185831 2 5007 24
40 b185831 3 2299 22
40 b185831 4 12492 81
40 b185831 5 6448 75
40 b185831 6 14613 162
40 b185831 7 6155 48
40 b185831 8 14549 135
40 b185831 9 47349 208
40 b185831 10 50050 240
40 b185831 11 32307 97
40 b185831 12 11668 114
40 b185831 13 11921 60
40 b185831 14 64414 584
40 b185831 15 17205 72
40 b185831 16 31056 109
40 b185831 17 92395 277
40 b185831 18 44127 219
40 b185831 19 25770 158
40 b185831 20 14333 86
40 b185831 21 34377 154
40 b185831 22 18289 80
40 b185831 23 36470 175
40 b185831 24 18936 96
40 b185831 25 31862 275
40 b185831 26 48342 456
40 b185831 27 22536 122
40 b185831 28 31500 110
40 b185831 29 68860 370
40 b185831 30 12640 86
40 b185831 31 22278 122
40 b185831 32 25760 246
40 b185831 33 20295 195
40 b185831 34 66538 191
40 b185831 35 45278 413
40 b185831 36 25740 280
40 b185831 37 16428 110
40 b185831 38 65322 252
40 b185831 39 18304 125
40 b185831 40 17706 104
41 b767761 1 820 27
41 b767761 2 1743 27
41 b767761 3 2155 17
41 b767761 4 8168 55
41 b767761 5 11590 44
41 b767761 6 8750 119
41 b767761 7 13321 66
41 b767761 8 9621 103
41 b767761 9 12828 120
41 b767761 10 13370 63
41 b767761 11 15202 82
41 b767761 12 55308 157
41 b767761 13 36471 131
41 b767761 14 23996 97
41 b767761 15 86565 339
41 b767761 16 16864 121
41 b767761 17 40009 150
41 b767761 18 64674 165
41 b767761 19 35207 297
41 b767761 20 65160 258
41 b767761 21 24696 76
41 b767761 22 79046 222
41 b767761 23 22179 80
41 b767761 24 30960 171
41 b767761 25 13275 100
41 b767761 26 42107 208
41 b767761 27 10944 65
41 b767761 28 35438 171
41 b767761 29 21590 102
41 b767761 30 142200 927
41 b767761 31 34177 107
41 b767761 32 52032 499
41 b767761 33 45820 134
41 b767761 34 38046 139
41 b767761 35 24056 154
41 b767761 36 57084 287
41 b767761 37 20473 191
41 b767761 38 61370 539
41 b767761 39 98904 348
41 b767761 40 41540 142
42 y477355 1 1183 38
42 y477355 2 1326 30
42 y477355 3 2818 37
42 y477355 4 9272 120
42 y477355 5 14820 96
42 y477355 6 20754 78
42 y477355 7 7045 70
42 y477355 8 31960 175
42 y477355 9 16371 88
42 y477355 10 8735 71
42 y477355 11 14212 55
42 y477355 12 42936 398
42 y477355 13 56732 286
42 y477355 14 26838 249
42 y477355 15 20250 69
42 y477355 16 22120 112
42 y477355 17 23409 101
42 y477355 18 14640 138
42 y477355 19 72409 309
42 y477355 20 30460 219
42 y477355 21 58065 174
42 y477355 22 32780 165
42 y477355 23 47863 251
42 y477355 24 29752 120
42 y477355 25 42208 325
42 y477355 26 24843 92
42 y477355 27 14688 78
42 y477355 28 149800 509
42 y477355 29 13301 90
42 y477355 30 35460 141
42 y477355 31 146692 347
42 y477355 32 23829 131
42 y477355 33 194832 1226
42 y477355 34 24174 103
42 y477355 35 157675 435
42 y477355 36 97002 279
42 y477355 37 47360 207
42 y477355 38 173090 1275
42 y477355 39 47229 154
42 y477355 40 14253 133
43 p999804 1 997 19
43 p999804 2 5855 53
43 p999804 3 12669 64
43 p999804 4 2790 29
43 p999804 5 5390 48
43 p999804 6 2194 40
43 p999804 7 19607 81
43 p999804 8 29536 114
43 p999804 9 14448 93
43 p999804 10 16665 112
43 p999804 11 3978 32
43 p999804 12 17988 179
43 p999804 13 15387 82
43 p999804 14 26441 109
43 p999804 15 14370 84
43 p999804 16 26144 95
43 p999804 17 39627 162
43 p999804 18 105588 280
43 p999804 19 10725 50
43 p999804 20 44800 134
43 p999804 21 99561 754
43 p999804 22 20812 143
43 p999804 23 24847 299
43 p999804 24 33240 164
43 p999804 25 53687 237
43 p999804 26 61022 255
43 p999804 27 36787 245
43 p999804 28 102928 303
43 p999804 29 44877 336
43 p999804 30 74220 281
43 p999804 31 100285 271
43 p999804 32 184256 593
43 p999804 33 109263 922
43 p999804 34 30883 152
43 p999804 35 124040 505
43 p999804 36 40524 177
43 p999804 37 97532 406
43 p999804 38 184186 412
43 p999804 39 47294 331
43 p999804 40 94180 661
44 w131636 1 1334 36
44 w131636 2 710 40
44 w131636 3 4156 43
44 w131636 4 9648 121
44 w131636 5 1946 41
44 w131636 6 6716 74
44 w131636 7 23534 122
44 w131636 8 17264 54
44 w131636 9 3069 46
44 w131636 10 6305 61
44 w131636 11 11887 152
44 w131636 12 50700 125
44 w131636 13 10699 77
44 w131636 14 5618 39
44 w131636 15 13522 78
44 w131636 16 42576 117
44 w131636 17 18105 107
44 w131636 18 28140 134
44 w131636 19 10032 72
44 w131636 20 43480 192
44 w131636 21 13517 101
44 w131636 22 46970 152
44 w131636 23 52279 344
44 w131636 24 84936 251
44 w131636 25 95175 361
44 w131636 26 107926 260
44 w131636 27 136458 334
44 w131636 28 76440 240
44 w131636 29 15196 128
44 w131636 30 10000 119
44 w131636 31 41240 389
44 w131636 32 34240 146
44 w131636 33 35112 147
44 w131636 34 176256 1102
44 w131636 35 190330 754
44 w131636 36 196344 478
44 w131636 37 57054 277
44 w131636 38 42978 222
44 w131636 39 143988 623
44 w131636 40 71106 207
45 h446093 1 1097 31
45 h446093 2 2873 35
45 h446093 3 8475 106
45 h446093 4 2361 32
45 h446093 5 8470 36
45 h446093 6 24312 209
45 h446093 7 6101 27
45 h446093 8 31920 113
45 h446093 9 6285 30
45 h446093 10 58220 237
45 h446093 11 17152 112
45 h446093 12 24744 159
45 h446093 13 68874 453
45 h446093 14 32340 139
45 h446093 15 8770 87
45 h446093 16 35416 111
45 h446093 17 13294 63
45 h446093 18 44523 207
45 h446093 19 34010 102
45 h446093 20 9053 121
45 h446093 21 36050 126
45 h446093 22 106370 339
45 h446093 23 16015 148
45 h446093 24 17608 101
45 h446093 25 47925 283
45 h446093 26 24921 181
45 h446093 27 49248 191
45 h446093 28 45094 200
45 h446093 29 21730 145
45 h446093 30 94920 651
45 h446093 31 25327 223
45 h446093 32 45744 198
45 h446093 33 168399 933
45 h446093 34 40641 147
45 h446093 35 59803 246
45 h446093 36 17844 159
45 h446093 37 97310 356
45 h446093 38 190608 491
45 h446093 39 38077 137
45 h446093 40 51480 337
46 m190480 1 1157 37
46 m190480 2 5188 58
46 m190480 3 6469 74
46 m190480 4 2206 46
46 m190480 5 9340 69
46 m190480 6 25068 79
46 m190480 7 5327 60
46 m190480 8 16220 128
46 m190480 9 12388 73
46 m190480 10 20105 133
46 m190480 11 28655 111
46 m190480 12 59220 225
46 m190480 13 13487 114
46 m190480 14 26926 105
46 m190480 15 28725 229
46 m190480 16 10864 123
46 m190480 17 7956 104
46 m190480 18 16908 162
46 m190480 19 23864 99
46 m190480 20 111660 353
46 m190480 21 90195 286
46 m190480 22 130482 380
46 m190480 23 47713 160
46 m190480 24 137664 1053
46 m190480 25 46787 166
46 m190480 26 56030 178
46 m190480 27 32922 190
46 m190480 28 11676 78
46 m190480 29 54085 441
46 m190480 30 55650 404
46 m190480 31 92643 357
46 m190480 32 57866 236
46 m190480 33 45177 253
46 m190480 34 49708 544
46 m190480 35 61530 371
46 m190480 36 79956 392
46 m190480 37 17821 110
46 m190480 38 42370 155
46 m190480 39 130572 1014
46 m190480 40 107560 287
47 d255334 1 978 24
47 d255334 2 1786 29
47 d255334 3 4609 49
47 d255334 4 5358 43
47 d255334 5 7100 59
47 d255334 6 4098 34
47 d255334 7 17255 181
47 d255334 8 14420 55
47 d255334 9 18094 191
47 d255334 10 7003 65
47 d255334 11 18656 126
47 d255334 12 28542 256
47 d255334 13 7143 53
47 d255334 14 11778 61
47 d255334 15 17332 154
47 d255334 16 33728 134
47 d255334 17 92055 288
47 d255334 18 23964 170
47 d255334 19 27448 94
47 d255334 20 16573 150
47 d255334 21 34125 112
47 d255334 22 98230 386
47 d255334 23 29164 148
47 d255334 24 36912 198
47 d255334 25 41841 233
47 d255334 26 30524 203
47 d255334 27 32859 158
47 d255334 28 65030 571
47 d255334 29 17332 110
47 d255334 30 85905 898
47 d255334 31 60109 203
47 d255334 32 64224 182
47 d255334 33 65917 555
47 d255334 34 88536 459
47 d255334 35 22983 119
47 d255334 36 71478 284
47 d255334 37 207792 782
47 d255334 38 202350 625
47 d255334 39 51850 166
47 d255334 40 81640 379
48 q340498 1 1203 25
48 q340498 2 2654 50
48 q340498 3 14787 86
48 q340498 4 3972 60
48 q340498 5 18845 121
48 q340498 6 7281 72
48 q340498 7 13415 82
48 q340498 8 39024 318
48 q340498 9 6106 78
48 q340498 10 10600 50
48 q340498 11 41316 125
48 q340498 12 24624 112
48 q340498 13 18850 61
48 q340498 14 25557 85
48 q340498 15 63090 664
48 q340498 16 11008 55
48 q340498 17 26106 278
48 q340498 18 12249 54
48 q340498 19 45467 338
48 q340498 20 55360 235
48 q340498 21 22701 87
48 q340498 22 43186 146
48 q340498 23 23935 86
48 q340498 24 110712 927
48 q340498 25 65437 425
48 q340498 26 33765 174
48 q340498 27 77922 526
48 q340498 28 33768 309
48 q340498 29 19681 116
48 q340498 30 75690 242
48 q340498 31 48246 145
48 q340498 32 68288 610
48 q340498 33 44121 173
48 q340498 34 20060 223
48 q340498 35 207585 1953
48 q340498 36 107568 1002
48 q340498 37 49592 209
48 q340498 38 51889 252
48 q340498 39 92020 346
48 q340498 40 54173 262
49 d179444 1 839 38
49 d179444 2 6748 53
49 d179444 3 7194 31
49 d179444 4 5878 42
49 d179444 5 8476 54
49 d179444 6 3910 51
49 d179444 7 4883 44
49 d179444 8 12872 49
49 d179444 9 5229 80
49 d179444 10 48340 242
49 d179444 11 13134 58
49 d179444 12 32262 219
49 d179444 13 29705 117
49 d179444 14 24045 76
49 d179444 15 73725 457
49 d179444 16 23544 86
49 d179444 17 23426 94
49 d179444 18 9294 108
49 d179444 19 102467 243
49 d179444 20 23260 229
49 d179444 21 33831 160
49 d179444 22 29117 196
49 d179444 23 30107 270
49 d179444 24 31136 116
49 d179444 25 13912 85
49 d179444 26 31399 206
49 d179444 27 81999 825
49 d179444 28 25666 102
49 d179444 29 153526 607
49 d179444 30 99840 399
49 d179444 31 23229 119
49 d179444 32 14122 87
49 d179444 33 158037 1339
49 d179444 34 35292 225
49 d179444 35 50732 280
49 d179444 36 44592 198
49 d179444 37 73987 260
49 d179444 38 202958 1149
49 d179444 39 44538 195
49 d179444 40 110820 315
50 s919922 1 650 28
50 s919922 2 5717 74
50 s919922 3 3395 23
50 s919922 4 10108 84
50 s919922 5 8663 71
50 s919922 6 30030 158
50 s919922 7 17983 100
50 s919922 8 14714 98
50 s919922 9 17649 73
50 s919922 10 31170 158
50 s919922 11 6174 41
50 s919922 12 24258 109
50 s919922 13 77051 209
50 s919922 14 26866 103
50 s919922 15 37162 303
50 s919922 16 78384 280
50 s919922 17 43282 343
50 s919922 18 8052 68
50 s919922 19 22705 168
50 s919922 20 21293 106
50 s919922 21 34909 114
50 s919922 22 19998 118
50 s919922 23 50473 225
50 s919922 24 22280 99
50 s919922 25 17325 121
50 s919922 26 17870 70
50 s919922 27 49464 294
50 s919922 28 39648 143
50 s919922 29 53345 182
50 s919922 30 19370 106
50 s919922 31 37871 239
50 s919922 32 41424 166
50 s919922 33 62716 324
50 s919922 34 60554 277
50 s919922 35 25672 123
50 s919922 36 36060 191
50 s919922 37 41292 223
50 s919922 38 22135 171
50 s919922 39 103194 302
50 s919922 40 85360 592
51 j500645 1 1077 14
51 j500645 2 2111 39
51 j500645 3 4913 29
51 j500645 4 9664 102
51 j500645 5 9285 31
51 j500645 6 14874 147
51 j500645 7 16359 65
51 j500645 8 12400 81
51 j500645 9 9897 133
51 j500645 10 27750 180
51 j500645 11 8816 100
51 j500645 12 13964 53
51 j500645 13 23872 136
51 j500645 14 36729 355
51 j500645 15 62130 240
51 j500645 16 90176 528
51 j500645 17 19507 172
51 j500645 18 31380 123
51 j500645 19 26530 140
51 j500645 20 12600 112
51 j500645 21 37737 136
51 j500645 22 11894 57
51 j500645 23 98693 656
51 j500645 24 124584 352
51 j500645 25 136625 1020
51 j500645 26 14833 79
51 j500645 27 37003 141
51 j500645 28 113624 292
51 j500645 29 26767 88
51 j500645 30 51810 559
51 j500645 31 41214 145
51 j500645 32 94672 275
51 j500645 33 64680 656
51 j500645 34 59908 406
51 j500645 35 88760 446
51 j500645 36 54828 218
51 j500645 37 105043 445
51 j500645 38 16314 98
51 j500645 39 22776 246
51 j500645 40 239760 690
52 n467202 1 571 10
52 n467202 2 4551 40
52 n467202 3 5548 30
52 n467202 4 23692 81
52 n467202 5 10672 82
52 n467202 6 6564 51
52 n467202 7 22666 91
52 n467202 8 19424 65
52 n467202 9 16866 94
52 n467202 10 21405 142
52 n467202 11 11711 86
52 n467202 12 6612 67
52 n467202 13 74048 228
52 n467202 14 44520 160
52 n467202 15 19470 73
52 n467202 16 19480 87
52 n467202 17 11922 115
52 n467202 18 22368 107
52 n467202 19 47101 191
52 n467202 20 39273 153
52 n467202 21 19978 119
52 n467202 22 36036 354
52 n467202 23 32384 322
52 n467202 24 60864 486
52 n467202 25 85950 691
52 n467202 26 73658 185
52 n467202 27 48825 194
52 n467202 28 18946 162
52 n467202 29 28864 189
52 n467202 30 61245 280
52 n467202 31 37138 197
52 n467202 32 65760 272
52 n467202 33 13838 93
52 n467202 34 152082 1321
52 n467202 35 68705 281
52 n467202 36 64476 371
52 n467202 37 64750 302
52 n467202 38 64087 194
52 n467202 39 79189 585
52 n467202 40 87420 430
53 g230288 1 1139 37
53 g230288 2 3708 33
53 g230288 3 2247 31
53 g230288 4 3977 41
53 g230288 5 2110 34
53 g230288 6 6452 40
53 g230288 7 9303 35
53 g230288 8 3653 33
53 g230288 9 7803 52
53 g230288 10 14765 59
53 g230288 11 16742 56
53 g230288 12 39936 274
53 g230288 13 10023 60
53 g230288 14 21126 197
53 g230288 15 44070 151
53 g230288 16 70368 246
53 g230288 17 88451 222
53 g230288 18 35736 127
53 g230288 19 16976 69
53 g230288 20 36920 217
53 g230288 21 100842 351
53 g230288 22 41712 147
53 g230288 23 20163 146
53 g230288 24 39216 386
53 g230288 25 59800 220
53 g230288 26 49530 197
53 g230288 27 21154 96
53 g230288 28 81760 342
53 g230288 29 47850 219
53 g230288 30 55840 197
53 g230288 31 38858 144
53 g230288 32 52512 173
53 g230288 33 12837 93
53 g230288 34 79084 402
53 g230288 35 142765 585
53 g230288 36 54696 236
53 g230288 37 126318 692
53 g230288 38 92283 621
53 g230288 39 174369 1581
53 g230288 40 115860 359
54 g162678 1 960 17
54 g162678 2 4497 43
54 g162678 3 3621 63
54 g162678 4 9108 66
54 g162678 5 18250 88
54 g162678 6 11742 55
54 g162678 7 7777 47
54 g162678 8 11696 79
54 g162678 9 28926 148
54 g162678 10 24925 135
54 g162678 11 11693 67
54 g162678 12 22408 127
54 g162678 13 8610 53
54 g162678 14 23912 85
54 g162678 15 36435 400
54 g162678 16 13301 139
54 g162678 17 85918 262
54 g162678 18 38106 348
54 g162678 19 34048 131
54 g162678 20 30966 119
54 g162678 21 55419 171
54 g162678 22 28094 89
54 g162678 23 56741 548
54 g162678 24 59376 449
54 g162678 25 47625 256
54 g162678 26 109408 396
54 g162678 27 16389 157
54 g162678 28 75516 185
54 g162678 29 43485 424
54 g162678 30 58050 455
54 g162678 31 52824 245
54 g162678 32 17034 119
54 g162678 33 101277 744
54 g162678 34 15957 142
54 g162678 35 32532 116
54 g162678 36 86400 425
54 g162678 37 16613 182
54 g162678 38 63966 394
54 g162678 39 73411 274
54 g162678 40 75160 478
55 h481845 1 1026 24
55 h481845 2 7168 59
55 h481845 3 1563 26
55 h481845 4 7406 58
55 h481845 5 12035 55
55 h481845 6 4812 46
55 h481845 7 25263 126
55 h481845 8 14164 49
55 h481845 9 24952 95
55 h481845 10 29240 285
55 h481845 11 5951 50
55 h481845 12 14484 67
55 h481845 13 47944 122
55 h481845 14 77070 232
55 h481845 15 20512 102
55 h481845 16 24416 84
55 h481845 17 24735 101
55 h481845 18 14616 62
55 h481845 19 11159 77
55 h481845 20 23210 128
55 h481845 21 115962 369
55 h481845 22 26631 123
55 h481845 23 33863 194
55 h481845 24 31632 123
55 h481845 25 73325 359
55 h481845 26 91312 256
55 h481845 27 142587 371
55 h481845 28 70294 182
55 h481845 29 85811 267
55 h481845 30 72270 485
55 h481845 31 42439 282
55 h481845 32 59296 176
55 h481845 33 144309 692
55 h481845 34 63954 170
55 h481845 35 72590 460
55 h481845 36 61002 208
55 h481845 37 24457 120
55 h481845 38 136116 343
55 h481845 39 65481 290
55 h481845 40 20653 105
56 k455195 1 809 37
56 k455195 2 5694 23
56 k455195 3 6277 54
56 k455195 4 3494 66
56 k455195 5 15705 61
56 k455195 6 33744 250
56 k455195 7 23324 114
56 k455195 8 24728 174
56 k455195 9 25848 199
56 k455195 10 21760 153
56 k455195 11 17061 58
56 k455195 12 15342 171
56 k455195 13 17779 129
56 k455195 14 48188 275
56 k455195 15 16305 167
56 k455195 16 16997 91
56 k455195 17 34731 112
56 k455195 18 31350 122
56 k455195 19 55271 237
56 k455195 20 10153 77
56 k455195 21 29557 202
56 k455195 22 38324 159
56 k455195 23 62307 336
56 k455195 24 69660 222
56 k455195 25 56125 429
56 k455195 26 19777 81
56 k455195 27 47115 146
56 k455195 28 56644 179
56 k455195 29 56047 461
56 k455195 30 46210 298
56 k455195 31 90070 515
56 k455195 32 60256 534
56 k455195 33 57750 160
56 k455195 34 25466 107
56 k455195 35 71802 321
56 k455195 36 34668 136
56 k455195 37 110075 460
56 k455195 38 183198 1164
56 k455195 39 80769 647
56 k455195 40 65300 272
57 w545836 1 735 16
57 w545836 2 3655 60
57 w545836 3 4566 35
57 w545836 4 3318 46
57 w545836 5 7143 61
57 w545836 6 12990 129
57 w545836 7 13729 55
57 w545836 8 12784 132
57 w545836 9 22671 73
57 w545836 10 15706 68
57 w545836 11 14734 49
57 w545836 12 29796 92
57 w545836 13 16861 85
57 w545836 14 14280 83
57 w545836 15 12030 80
57 w545836 16 51152 254
57 w545836 17 38700 378
57 w545836 18 24759 202
57 w545836 19 20266 69
57 w545836 20 13670 150
57 w545836 21 32550 111
57 w545836 22 41690 136
57 w545836 23 12182 59
57 w545836 24 34416 170
57 w545836 25 19112 107
57 w545836 26 67028 304
57 w545836 27 119043 537
57 w545836 28 15862 87
57 w545836 29 159964 548
57 w545836 30 80250 241
57 w545836 31 53351 231
57 w545836 32 86784 314
57 w545836 33 86757 405
57 w545836 34 61710 217
57 w545836 35 21840 145
57 w545836 36 51804 153
57 w545836 37 175269 905
57 w545836 38 90630 316
57 w545836 39 168870 835
57 w545836 40 73493 274
58 g177560 1 964 34
58 g177560 2 6004 38
58 g177560 3 4341 31
58 g177560 4 9996 88
58 g177560 5 24455 68
58 g177560 6 9834 59
58 g177560 7 3808 27
58 g177560 8 22096 154
58 g177560 9 18846 101
58 g177560 10 44130 127
58 g177560 11 8451 61
58 g177560 12 17080 134
58 g177560 13 32058 109
58 g177560 14 13304 54
58 g177560 15 30780 163
58 g177560 16 22965 162
58 g177560 17 98090 405
58 g177560 18 15372 83
58 g177560 19 110808 822
58 g177560 20 24900 93
58 g177560 21 27020 134
58 g177560 22 19968 166
58 g177560 23 12834 120
58 g177560 24 31304 124
58 g177560 25 100575 265
58 g177560 26 91728 333
58 g177560 27 149472 804
58 g177560 28 60144 187
58 g177560 29 147900 653
58 g177560 30 33830 128
58 g177560 31 79205 356
58 g177560 32 68208 265
58 g177560 33 196119 712
58 g177560 34 72590 269
58 g177560 35 30543 146
58 g177560 36 60858 439
58 g177560 37 77681 531
58 g177560 38 43788 243
58 g177560 39 133068 396
58 g177560 40 111160 482
59 z544665 1 1412 30
59 z544665 2 7206 40
59 z544665 3 3594 26
59 z544665 4 6621 45
59 z544665 5 7948 34
59 z544665 6 15663 45
59 z544665 7 6286 58
59 z544665 8 21696 137
59 z544665 9 17343 66
59 z544665 10 23670 180
59 z544665 11 24403 212
59 z544665 12 33258 304
59 z544665 13 8168 38
59 z544665 14 9398 54
59 z544665 15 60570 349
59 z544665 16 29301 163
59 z544665 17 62492 156
59 z544665 18 45891 178
59 z544665 19 13879 81
59 z544665 20 58980 206
59 z544665 21 14395 114
59 z544665 22 7634 59
59 z544665 23 59455 213
59 z544665 24 46764 136
59 z544665 25 103550 527
59 z544665 26 12124 64
59 z544665 27 21645 181
59 z544665 28 21238 205
59 z544665 29 148422 616
59 z544665 30 61800 539
59 z544665 31 80150 254
59 z544665 32 23328 92
59 z544665 33 186318 608
59 z544665 34 38148 248
59 z544665 35 101167 304
59 z544665 36 65196 366
59 z544665 37 63837 194
59 z544665 38 22204 148
59 z544665 39 20605 127
59 z544665 40 78060 799
60 d821903 1 951 21
60 d821903 2 4465 27
60 d821903 3 1973 40
60 d821903 4 17584 66
60 d821903 5 2340 21
60 d821903 6 17478 81
60 d821903 7 28035 100
60 d821903 8 13421 63
60 d821903 9 50517 179
60 d821903 10 7060 40
60 d821903 11 24893 106
60 d821903 12 52272 389
60 d821903 13 23495 110
60 d821903 14 42406 246
60 d821903 15 44790 295
60 d821903 16 19760 139
60 d821903 17 20983 128
60 d821903 18 101556 315
60 d821903 19 79477 202
60 d821903 20 44440 166
60 d821903 21 103425 290
60 d821903 22 57728 194
60 d821903 23 37198 264
60 d821903 24 14344 79
60 d821903 25 37275 187
60 d821903 26 90402 611
60 d821903 27 27279 98
60 d821903 28 118104 805
60 d821903 29 44834 152
60 d821903 30 70590 212
60 d821903 31 114049 624
60 d821903 32 20021 227
60 d821903 33 92185 327
60 d821903 34 38227 212
60 d821903 35 103845 340
60 d821903 36 20472 146
60 d821903 37 85766 257
60 d821903 38 181868 740
60 d821903 39 48633 203
60 d821903 40 239960 849
61 q654837 1 995 25
61 q654837 2 6204 32
61 q654837 3 1797 25
61 q654837 4 5220 48
61 q654837 5 24395 86
61 q654837 6 5582 52
61 q654837 7 24997 153
61 q654837 8 11704 60
61 q654837 9 26874 104
61 q654837 10 19120 74
61 q654837 11 14201 61
61 q654837 12 12076 61
61 q654837 13 70044 215
61 q654837 14 15624 98
61 q654837 15 35272 112
61 q654837 16 18442 78
61 q654837 17 100606 467
61 q654837 18 9486 71
61 q654837 19 22667 127
61 q654837 20 67880 208
61 q654837 21 19677 117
61 q654837 22 98296 344
61 q654837 23 29129 135
61 q654837 24 129672 508
61 q654837 25 65687 202
61 q654837 26 41591 142
61 q654837 27 50040 225
61 q654837 28 15642 102
61 q654837 29 42862 147
61 q654837 30 43050 135
61 q654837 31 90892 291
61 q654837 32 28224 94
61 q654837 33 62106 454
61 q654837 34 66453 289
61 q654837 35 64995 250
61 q654837 36 39456 130
61 q654837 37 150331 1198
61 q654837 38 61636 198
61 q654837 39 21528 154
61 q654837 40 111700 739
62 e598924 1 1314 33
62 e598924 2 2460 23
62 e598924 3 4360 49
62 e598924 4 1590 14
62 e598924 5 7875 58
62 e598924 6 36000 340
62 e598924 7 17780 65
62 e598924 8 10794 73
62 e598924 9 21861 127
62 e598924 10 26500 97
62 e598924 11 27401 80
62 e598924 12 30048 129
62 e598924 13 32103 184
62 e598924 14 23982 78
62 e598924 15 20750 97
62 e598924 16 5808 68
62 e598924 17 59687 222
62 e598924 18 26622 179
62 e598924 19 24035 85
62 e598924 20 36586 298
62 e598924 21 54988 212
62 e598924 22 75262 252
62 e598924 23 124315 655
62 e598924 24 12856 89
62 e598924 25 12466 78
62 e598924 26 76778 214
62 e598924 27 13527 62
62 e598924 28 75054 550
62 e598924 29 31117 137
62 e598924 30 55875 215
62 e598924 31 62682 191
62 e598924 32 82464 748
62 e598924 33 128634 1322
62 e598924 34 17544 108
62 e598924 35 67153 345
62 e598924 36 55980 160
62 e598924 37 45103 148
62 e598924 38 167314 690
62 e598924 39 23478 101
62 e598924 40 33893 182
63 c930426 1 573 15
63 c930426 2 11868 60
63 c930426 3 4710 40
63 c930426 4 2257 50
63 c930426 5 9265 117
63 c930426 6 3738 20
63 c930426 7 19638 84
63 c930426 8 3773 49
63 c930426 9 10701 66
63 c930426 10 27170 124
63 c930426 11 3677 39
63 c930426 12 28230 268
63 c930426 13 48750 139
63 c930426 14 36988 133
63 c930426 15 43845 244
63 c930426 16 22997 151
63 c930426 17 88961 791
63 c930426 18 31350 117
63 c930426 19 35140 294
63 c930426 20 32573 114
63 c930426 21 37590 131
63 c930426 22 112134 293
63 c930426 23 58006 174
63 c930426 24 37200 167
63 c930426 25 43816 248
63 c930426 26 137072 433
63 c930426 27 23868 160
63 c930426 28 57330 319
63 c930426 29 75690 293
63 c930426 30 34680 309
63 c930426 31 71191 209
63 c930426 32 60704 206
63 c930426 33 65098 353
63 c930426 34 60146 312
63 c930426 35 26180 276
63 c930426 36 69516 275
63 c930426 37 106467 282
63 c930426 38 40755 268
63 c930426 39 114309 477
63 c930426 40 52440 231
64 j868961 1 1144 41
64 j868961 2 2109 23
64 j868961 3 10620 56
64 j868961 4 4366 46
64 j868961 5 12140 71
64 j868961 6 5992 41
64 j868961 7 9261 58
64 j868961 8 16916 139
64 j868961 9 41841 144
64 j868961 10 11763 56
64 j868961 11 17963 60
64 j868961 12 9588 89
64 j868961 13 8775 74
64 j868961 14 9716 66
64 j868961 15 48210 166
64 j868961 16 27992 97
64 j868961 17 45840 140
64 j868961 18 102114 330
64 j868961 19 77672 220
64 j868961 20 53550 201
64 j868961 21 55639 222
64 j868961 22 11726 82
64 j868961 23 43424 143
64 j868961 24 39480 256
64 j868961 25 28375 182
64 j868961 26 63128 374
64 j868961 27 74169 381
64 j868961 28 42429 175
64 j868961 29 45955 163
64 j868961 30 25870 168
64 j868961 31 29031 249
64 j868961 32 69792 342
64 j868961 33 62964 375
64 j868961 34 76466 299
64 j868961 35 18725 96
64 j868961 36 32994 342
64 j868961 37 68783 245
64 j868961 38 61420 374
64 j868961 39 143130 895
64 j868961 40 37620 139
65 a291342 1 611 37
65 a291342 2 3724 45
65 a291342 3 10824 121
65 a291342 4 14524 87
65 a291342 5 29375 121
65 a291342 6 3074 60
65 a291342 7 5516 82
65 a291342 8 10072 53
65 a291342 9 5307 80
65 a291342 10 28440 134
65 a291342 11 5657 64
65 a291342 12 37848 120
65 a291342 13 41847 111
65 a291342 14 13300 88
65 a291342 15 38910 184
65 a291342 16 71760 204
65 a291342 17 20672 216
65 a291342 18 53829 205
65 a291342 19 100662 280
65 a291342 20 32993 148
65 a291342 21 36991 248
65 a291342 22 19851 128
65 a291342 23 33959 125
65 a291342 24 58188 353
65 a291342 25 118275 730
65 a291342 26 41457 151
65 a291342 27 33210 124
65 a291342 28 39900 135
65 a291342 29 75211 326
65 a291342 30 127470 602
65 a291342 31 16492 95
65 a291342 32 55008 175
65 a291342 33 137445 830
65 a291342 34 72046 369
65 a291342 35 74200 222
65 a291342 36 104688 278
65 a291342 37 20979 99
65 a291342 38 76760 240
65 a291342 39 54502 565
65 a291342 40 121160 606
66 k360669 1 852 12
66 k360669 2 2051 30
66 k360669 3 2599 29
66 k360669 4 21960 104
66 k360669 5 8752 33
66 k360669 6 14766 46
66 k360669 7 15536 76
66 k360669 8 2669 27
66 k360669 9 31716 219
66 k360669 10 51500 152
66 k360669 11 26592 93
66 k360669 12 25548 113
66 k360669 13 20405 83
66 k360669 14 27566 85
66 k360669 15 65400 216
66 k360669 16 42016 241
66 k360669 17 86649 289
66 k360669 18 61434 214
66 k360669 19 13464 73
66 k360669 20 9680 62
66 k360669 21 66087 247
66 k360669 22 36212 192
66 k360669 23 24717 170
66 k360669 24 22704 117
66 k360669 25 72525 261
66 k360669 26 38766 187
66 k360669 27 27009 104
66 k360669 28 50661 375
66 k360669 29 45791 166
66 k360669 30 49500 237
66 k360669 31 88753 542
66 k360669 32 33792 134
66 k360669 33 161370 691
66 k360669 34 87652 474
66 k360669 35 80342 601
66 k360669 36 72702 222
66 k360669 37 58904 280
66 k360669 38 37430 198
66 k360669 39 196716 1231
66 k360669 40 39093 211
67 p753178 1 1338 23
67 p753178 2 3042 35
67 p753178 3 3295 37
67 p753178 4 14132 58
67 p753178 5 8906 40
67 p753178 6 7740 47
67 p753178 7 20657 102
67 p753178 8 20384 81
67 p753178 9 31086 134
67 p753178 10 13036 146
67 p753178 11 19855 83
67 p753178 12 26094 90
67 p753178 13 36153 161
67 p753178 14 22152 161
67 p753178 15 8280 55
67 p753178 16 11040 83
67 p753178 17 24497 211
67 p753178 18 75060 516
67 p753178 19 35473 123
67 p753178 20 23660 211
67 p753178 21 36288 129
67 p753178 22 69102 176
67 p753178 23 53061 145
67 p753178 24 44136 222
67 p753178 25 32925 268
67 p753178 26 33878 355
67 p753178 27 68985 369
67 p753178 28 83104 731
67 p753178 29 24215 264
67 p753178 30 159480 565
67 p753178 31 32860 250
67 p753178 32 185888 423
67 p753178 33 13409 112
67 p753178 34 142562 689
67 p753178 35 39270 190
67 p753178 36 87750 265
67 p753178 37 94128 448
67 p753178 38 217018 601
67 p753178 39 13390 127
67 p753178 40 50920 336
68 v473070 1 1155 16
68 v473070 2 2828 51
68 v473070 3 13545 91
68 v473070 4 8720 34
68 v473070 5 7700 63
68 v473070 6 33282 95
68 v473070 7 17566 88
68 v473070 8 10037 76
68 v473070 9 6070 67
68 v473070 10 50130 191
68 v473070 11 34914 101
68 v473070 12 29028 209
68 v473070 13 35425 154
68 v473070 14 19800 90
68 v473070 15 12925 65
68 v473070 16 35520 141
68 v473070 17 56695 227
68 v473070 18 51741 175
68 v473070 19 98876 281
68 v473070 20 21306 118
68 v473070 21 50956 230
68 v473070 22 16775 179
68 v473070 23 131491 1243
68 v473070 24 24888 164
68 v473070 25 28941 129
68 v473070 26 26034 131
68 v473070 27 21141 94
68 v473070 28 33460 119
68 v473070 29 26902 93
68 v473070 30 73170 374
68 v473070 31 38212 150
68 v473070 32 65248 609
68 v473070 33 57101 160
68 v473070 34 70125 404
68 v473070 35 104685 598
68 v473070 36 97182 261
68 v473070 37 61845 190
68 v473070 38 53637 210
68 v473070 39 87574 254
68 v473070 40 43120 176
69 f778639 1 804 24
69 f778639 2 4990 66
69 f778639 3 4898 29
69 f778639 4 3148 51
69 f778639 5 8406 50
69 f778639 6 13656 65
69 f778639 7 9996 55
69 f778639 8 2986 52
69 f778639 9 19696 130
69 f778639 10 12505 74
69 f778639 11 12573 62
69 f778639 12 13086 94
69 f778639 13 14924 94
69 f778639 14 23632 104
69 f778639 15 11425 127
69 f778639 16 76032 400
69 f778639 17 15325 186
69 f778639 18 43767 199
69 f778639 19 63061 500
69 f778639 20 18050 78
69 f778639 21 17689 112
69 f778639 22 9174 74
69 f778639 23 54556 203
69 f778639 24 37744 241
69 f778639 25 11075 63
69 f778639 26 62309 295
69 f778639 27 50805 195
69 f778639 28 23426 116
69 f778639 29 16443 86
69 f778639 30 147750 368
69 f778639 31 69657 208
69 f778639 32 47664 157
69 f778639 33 52096 185
69 f778639 34 12013 80
69 f778639 35 36487 151
69 f778639 36 70632 654
69 f778639 37 42204 177
69 f778639 38 79439 479
69 f778639 39 33748 140
69 f778639 40 37380 221
70 v194210 1 1104 32
70 v194210 2 784 26
70 v194210 3 5965 49
70 v194210 4 9316 42
70 v194210 5 11870 119
70 v194210 6 5390 26
70 v194210 7 18483 79
70 v194210 8 3253 46
70 v194210 9 7461 56
70 v194210 10 35040 215
70 v194210 11 9291 84
70 v194210 12 46080 169
70 v194210 13 31096 195
70 v194210 14 20510 96
70 v194210 15 83205 223
70 v194210 16 26800 106
70 v194210 17 83657 213
70 v194210 18 6948 107
70 v194210 19 87419 314
70 v194210 20 36860 182
70 v194210 21 67032 263
70 v194210 22 42306 392
70 v194210 23 97497 250
70 v194210 24 18144 99
70 v194210 25 31575 154
70 v194210 26 64233 303
70 v194210 27 117261 362
70 v194210 28 20365 102
70 v194210 29 154889 482
70 v194210 30 138360 929
70 v194210 31 71703 554
70 v194210 32 61408 185
70 v194210 33 13387 90
70 v194210 34 84065 372
70 v194210 35 58905 258
70 v194210 36 14148 82
70 v194210 37 51454 266
70 v194210 38 25612 130
70 v194210 39 60671 471
70 v194210 40 68653 222
71 k221333 1 608 34
71 k221333 2 9960 61
71 k221333 3 3459 46
71 k221333 4 5272 42
71 k221333 5 5780 48
71 k221333 6 11098 39
71 k221333 7 38703 222
71 k221333 8 25776 128
71 k221333 9 4675 68
71 k221333 10 29770 225
71 k221333 11 31575 103
71 k221333 12 13254 141
71 k221333 13 14423 149
71 k221333 14 28714 89
71 k221333 15 37477 155
71 k221333 16 21616 98
71 k221333 17 28577 130
71 k221333 18 38502 141
71 k221333 19 41477 299
71 k221333 20 59590 178
71 k221333 21 54894 286
71 k221333 22 15730 77
71 k221333 23 9138 63
71 k221333 24 65160 213
71 k221333 25 18587 182
71 k221333 26 27473 245
71 k221333 27 46215 291
71 k221333 28 11629 72
71 k221333 29 169679 490
71 k221333 30 30300 148
71 k221333 31 34244 337
71 k221333 32 79760 252
71 k221333 33 93390 243
71 k221333 34 48348 170
71 k221333 35 27673 135
71 k221333 36 63624 304
71 k221333 37 66390 556
71 k221333 38 26467 305
71 k221333 39 30615 135
71 k221333 40 29466 177
72 f595638 1 1179 27
72 f595638 2 2102 33
72 f595638 3 17610 59
72 f595638 4 4198 37
72 f595638 5 7685 74
72 f595638 6 5607 32
72 f595638 7 4361 49
72 f595638 8 9012 68
72 f595638 9 8382 42
72 f595638 10 12590 60
72 f595638 11 14802 60
72 f595638 12 18640 75
72 f595638 13 67275 169
72 f595638 14 52150 276
72 f595638 15 12690 60
72 f595638 16 10613 123
72 f595638 17 49028 316
72 f595638 18 6930 67
72 f595638 19 44175 122
72 f595638 20 13206 82
72 f595638 21 15904 74
72 f595638 22 99726 260
72 f595638 23 20332 238
72 f595638 24 126816 1018
72 f595638 25 83375 394
72 f595638 26 41591 163
72 f595638 27 143127 539
72 f595638 28 35924 113
72 f595638 29 89436 407
72 f595638 30 57900 213
72 f595638 31 77236 328
72 f595638 32 76384 224
72 f595638 33 35293 213
72 f595638 34 79220 448
72 f595638 35 42151 184
72 f595638 36 101358 322
72 f595638 37 40712 209
72 f595638 38 63726 370
72 f595638 39 95355 317
72 f595638 40 157480 500
73 g321312 1 739 34
73 g321312 2 2240 15
73 g321312 3 5930 56
73 g321312 4 18676 108
73 g321312 5 6711 52
73 g321312 6 35160 111
73 g321312 7 6202 33
73 g321312 8 11728 67
73 g321312 9 45702 132
73 g321312 10 8643 47
73 g321312 11 52272 299
73 g321312 12 8136 49
73 g321312 13 20176 96
73 g321312 14 19796 169
73 g321312 15 41535 234
73 g321312 16 9528 71
73 g321312 17 28480 117
73 g321312 18 23616 224
73 g321312 19 42085 170
73 g321312 20 53720 339
73 g321312 21 95655 578
73 g321312 22 20181 209
73 g321312 23 31613 118
73 g321312 24 94104 284
73 g321312 25 48450 213
73 g321312 26 64155 471
73 g321312 27 34803 239
73 g321312 28 158620 841
73 g321312 29 54215 233
73 g321312 30 66075 196
73 g321312 31 55350 235
73 g321312 32 34368 164
73 g321312 33 38115 130
73 g321312 34 29869 237
73 g321312 35 71400 718
73 g321312 36 26136 232
73 g321312 37 91630 265
73 g321312 38 53428 155
73 g321312 39 57616 176
73 g321312 40 32586 167
74 c977567 1 1154 13
74 c977567 2 2033 24
74 c977567 3 4062 41
74 c977567 4 14300 83
74 c977567 5 9951 47
74 c977567 6 5282 57
74 c977567 7 13521 51
74 c977567 8 15752 84
74 c977567 9 19764 109
74 c977567 10 6743 56
74 c977567 11 16984 71
74 c977567 12 30540 135
74 c977567 13 10536 96
74 c977567 14 23151 110
74 c977567 15 17497 92
74 c977567 16 68736 221
74 c977567 17 50260 229
74 c977567 18 11088 84
74 c977567 19 9677 61
74 c977567 20 24046 120
74 c977567 21 17374 70
74 c977567 22 16045 95
74 c977567 23 56718 239
74 c977567 24 85848 252
74 c977567 25 47375 152
74 c977567 26 40386 438
74 c977567 27 135054 384
74 c977567 28 34986 268
74 c977567 29 20860 246
74 c977567 30 145500 554
74 c977567 31 84862 234
74 c977567 32 25066 110
74 c977567 33 13145 107
74 c977567 34 41871 172
74 c977567 35 78365 446
74 c977567 36 21480 171
74 c977567 37 69967 396
74 c977567 38 102353 354
74 c977567 39 109980 440
74 c977567 40 116000 457
75 k376647 1 1101 35
75 k376647 2 3648 20
75 k376647 3 3954 23
75 k376647 4 9796 44
75 k376647 5 22070 123
75 k376647 6 3662 39
75 k376647 7 6065 48
75 k376647 8 13224 138
75 k376647 9 17751 129
75 k376647 10 59180 205
75 k376647 11 25597 175
75 k376647 12 13032 85
75 k376647 13 12415 75
75 k376647 14 7679 87
75 k376647 15 61065 162
75 k376647 16 24016 109
75 k376647 17 44285 195
75 k376647 18 22635 93
75 k376647 19 11989 72
75 k376647 20 21510 221
75 k376647 21 8071 82
75 k376647 22 75614 378
75 k376647 23 108767 284
75 k376647 24 97272 734
75 k376647 25 49500 168
75 k376647 26 43038 192
75 k376647 27 37539 221
75 k376647 28 151844 577
75 k376647 29 86130 716
75 k376647 30 11730 76
75 k376647 31 87947 261
75 k376647 32 95200 410
75 k376647 33 170643 758
75 k376647 34 15322 134
75 k376647 35 115150 317
75 k376647 36 48780 175
75 k376647 37 28342 148
75 k376647 38 173356 1349
75 k376647 39 82855 249
75 k376647 40 101640 309
76 d358036 1 1384 35
76 d358036 2 11644 115
76 d358036 3 8004 43
76 d358036 4 6622 49
76 d358036 5 6140 47
76 d358036 6 8508 57
76 d358036 7 3650 37
76 d358036 8 21832 129
76 d358036 9 11421 70
76 d358036 10 16953 68
76 d358036 11 25580 86
76 d358036 12 9498 79
76 d358036 13 20748 89
76 d358036 14 68054 266
76 d358036 15 12705 72
76 d358036 16 20890 92
76 d358036 17 33456 139
76 d358036 18 86346 245
76 d358036 19 16720 105
76 d358036 20 15146 128
76 d358036 21 25424 77
76 d358036 22 56595 282
76 d358036 23 25852 118
76 d358036 24 50208 154
76 d358036 25 21262 151
76 d358036 26 20436 131
76 d358036 27 80109 238
76 d358036 28 19096 131
76 d358036 29 59711 535
76 d358036 30 56760 553
76 d358036 31 37231 144
76 d358036 32 153792 398
76 d358036 33 178893 552
76 d358036 34 42041 375
76 d358036 35 55101 353
76 d358036 36 25812 130
76 d358036 37 44215 197
76 d358036 38 35960 125
76 d358036 39 132132 343
76 d358036 40 51573 206
77 t164194 1 1495 19
77 t164194 2 4349 46
77 t164194 3 3104 46
77 t164194 4 6629 44
77 t164194 5 6853 91
77 t164194 6 12408 80
77 t164194 7 16901 52
77 t164194 8 6620 60
77 t164194 9 10624 57
77 t164194 10 21160 111
77 t164194 11 12844 77
77 t164194 12 22612 205
77 t164194 13 23738 71
77 t164194 14 48118 181
77 t164194 15 15470 55
77 t164194 16 51872 135
77 t164194 17 20757 87
77 t164194 18 18876 79
77 t164194 19 19418 87
77 t164194 20 10426 63
77 t164194 21 21525 138
77 t164194 22 21637 103
77 t164194 23 65113 312
77 t164194 24 60696 172
77 t164194 25 48087 175
77 t164194 26 17667 83
77 t164194 27 59265 212
77 t164194 28 26488 129
77 t164194 29 64931 316
77 t164194 30 55515 570
77 t164194 31 27047 175
77 t164194 32 35434 159
77 t164194 33 18315 194
77 t164194 34 34799 223
77 t164194 35 66593 539
77 t164194 36 83448 408
77 t164194 37 129315 369
77 t164194 38 157244 799
77 t164194 39 129129 548
77 t164194 40 176360 439
78 y476878 1 564 29
78 y476878 2 2937 31
78 y476878 3 6024 37
78 y476878 4 3614 33
78 y476878 5 8996 49
78 y476878 6 6504 67
78 y476878 7 8864 46
78 y476878 8 26432 284
78 y476878 9 20646 180
78 y476878 10 46000 214
78 y476878 11 12089 68
78 y476878 12 10224 116
78 y476878 13 42003 159
78 y476878 14 44730 159
78 y476878 15 39240 127
78 y476878 16 85568 271
78 y476878 17 14050 92
78 y476878 18 16296 91
78 y476878 19 101897 238
78 y476878 20 20526 90
78 y476878 21 101556 833
78 y476878 22 37957 219
78 y476878 23 25024 112
78 y476878 24 39256 124
78 y476878 25 49841 136
78 y476878 26 63440 199
78 y476878 27 11052 100
78 y476878 28 38304 234
78 y476878 29 48043 267
78 y476878 30 57075 393
78 y476878 31 129766 481
78 y476878 32 53834 344
78 y476878 33 54868 184
78 y476878 34 155040 493
78 y476878 35 95760 874
78 y476878 36 64716 398
78 y476878 37 59409 424
78 y476878 38 79629 265
78 y476878 39 61717 347
78 y476878 40 101560 462
79 v782589 1 761 16
79 v782589 2 1064 9
79 v782589 3 10209 58
79 v782589 4 11040 92
79 v782589 5 26845 180
79 v782589 6 31668 215
79 v782589 7 9562 82
79 v782589 8 14092 61
79 v782589 9 13099 66
79 v782589 10 17010 155
79 v782589 11 32175 322
79 v782589 12 12844 126
79 v782589 13 74451 423
79 v782589 14 72366 322
79 v782589 15 36487 192
79 v782589 16 40912 399
79 v782589 17 23579 93
79 v782589 18 34065 183
79 v782589 19 24291 87
79 v782589 20 22726 141
79 v782589 21 11938 90
79 v782589 22 69410 184
79 v782589 23 37252 114
79 v782589 24 24792 236
79 v782589 25 60250 469
79 v782589 26 47155 173
79 v782589 27 60790 174
79 v782589 28 69972 219
79 v782589 29 21866 130
79 v782589 30 26380 117
79 v782589 31 29284 104
79 v782589 32 177184 1337
79 v782589 33 26664 251
79 v782589 34 37547 355
79 v782589 35 67946 235
79 v782589 36 99828 521
79 v782589 37 68104 386
79 v782589 38 106780 602
79 v782589 39 44070 248
79 v782589 40 24853 108
80 u901947 1 1153 35
80 u901947 2 3580 35
80 u901947 3 1731 25
80 u901947 4 11496 64
80 u901947 5 18125 135
80 u901947 6 15135 156
80 u901947 7 16121 54
80 u901947 8 18256 201
80 u901947 9 23121 87
80 u901947 10 11435 88
80 u901947 11 18678 115
80 u901947 12 22208 99
80 u901947 13 36920 153
80 u901947 14 66234 233
80 u901947 15 43372 343
80 u901947 16 22296 73
80 u901947 17 32147 89
80 u901947 18 26424 94
80 u901947 19 37715 155
80 u901947 20 8680 110
80 u901947 21 48657 152
80 u901947 22 32648 116
80 u901947 23 60386 392
80 u901947 24 24408 100
80 u901947 25 48491 134
80 u901947 26 92014 243
80 u901947 27 53775 153
80 u901947 28 86632 275
80 u901947 29 27704 103
80 u901947 30 26460 153
80 u901947 31 112499 480
80 u901947 32 56885 409
80 u901947 33 68590 567
80 u901947 34 69241 208
80 u901947 35 63717 333
80 u901947 36 52200 217
80 u901947 37 75406 323
80 u901947 38 18886 138
80 u901947 39 16731 118
80 u901947 40 110020 452
81 c308196 1 842 37
81 c308196 2 1224 19
81 c308196 3 3536 44
81 c308196 4 2612 15
81 c308196 5 9920 30
81 c308196 6 13698 51
81 c308196 7 5555 58
81 c308196 8 19524 212
81 c308196 9 15268 94
81 c308196 10 11490 62
81 c308196 11 15953 73
81 c308196 12 54108 203
81 c308196 13 23495 111
81 c308196 14 29302 107
81 c308196 15 10755 103
81 c308196 16 28213 228
81 c308196 17 39703 170
81 c308196 18 53100 149
81 c308196 19 30482 143
81 c308196 20 11830 116
81 c308196 21 64218 180
81 c308196 22 22858 218
81 c308196 23 55211 209
81 c308196 24 52776 210
81 c308196 25 17837 98
81 c308196 26 47909 257
81 c308196 27 103680 275
81 c308196 28 139664 358
81 c308196 29 129978 322
81 c308196 30 21460 243
81 c308196 31 12916 101
81 c308196 32 32554 121
81 c308196 33 56661 422
81 c308196 34 95625 763
81 c308196 35 31132 134
81 c308196 36 52524 221
81 c308196 37 129352 628
81 c308196 38 36644 217
81 c308196 39 47710 217
81 c308196 40 63733 226
82 d376636 1 534 14
82 d376636 2 3200 41
82 d376636 3 6291 36
82 d376636 4 3926 31
82 d376636 5 15320 163
82 d376636 6 31680 224
82 d376636 7 19554 101
82 d376636 8 22264 108
82 d376636 9 18994 63
82 d376636 10 23540 156
82 d376636 11 53790 481
82 d376636 12 71952 261
82 d376636 13 8848 56
82 d376636 14 40894 113
82 d376636 15 16780 153
82 d376636 16 36088 98
82 d376636 17 63325 182
82 d376636 18 103374 264
82 d376636 19 15896 142
82 d376636 20 35726 173
82 d376636 21 37380 181
82 d376636 22 42694 211
82 d376636 23 135217 818
82 d376636 24 40356 447
82 d376636 25 110950 338
82 d376636 26 24370 118
82 d376636 27 17253 170
82 d376636 28 53498 226
82 d376636 29 77198 290
82 d376636 30 15555 88
82 d376636 31 47910 161
82 d376636 32 55936 406
82 d376636 33 56111 221
82 d376636 34 98192 909
82 d376636 35 41300 244
82 d376636 36 69714 271
82 d376636 37 107929 601
82 d376636 38 33326 194
82 d376636 39 62647 599
82 d376636 40 84800 527
83 q472756 1 527 9
83 q472756 2 1684 30
83 q472756 3 9012 61
83 q472756 4 6009 42
83 q472756 5 4115 28
83 q472756 6 7614 40
83 q472756 7 2377 58
83 q472756 8 28752 98
83 q472756 9 26617 143
83 q472756 10 13030 68
83 q472756 11 60555 172
83 q472756 12 14970 80
83 q472756 13 8653 53
83 q472756 14 10465 63
83 q472756 15 19905 86
83 q472756 16 23984 124
83 q472756 17 9953 75
83 q472756 18 28278 126
83 q472756 19 36315 200
83 q472756 20 34840 119
83 q472756 21 17356 144
83 q472756 22 19712 84
83 q472756 23 53716 158
83 q472756 24 26892 97
83 q472756 25 26287 146
83 q472756 26 43186 139
83 q472756 27 67567 343
83 q472756 28 74396 349
83 q472756 29 20126 135
83 q472756 30 35020 163
83 q472756 31 13133 101
83 q472756 32 72080 290
83 q472756 33 69993 185
83 q472756 34 71978 412
83 q472756 35 63560 199
83 q472756 36 184320 541
83 q472756 37 142672 506
83 q472756 38 28069 137
83 q472756 39 78565 818
83 q472756 40 79400 254
84 b569507 1 787 19
84 b569507 2 3571 28
84 b569507 3 11904 62
84 b569507 4 5494 47
84 b569507 5 9882 41
84 b569507 6 7442 49
84 b569507 7 25298 264
84 b569507 8 6850 71
84 b569507 9 13425 61
84 b569507 10 20340 77
84 b569507 11 6108 45
84 b569507 12 8076 43
84 b569507 13 76167 591
84 b569507 14 50834 333
84 b569507 15 8260 99
84 b569507 16 47104 367
84 b569507 17 23879 236
84 b569507 18 13689 74
84 b569507 19 98325 440
84 b569507 20 96900 257
84 b569507 21 60627 247
84 b569507 22 33154 171
84 b569507 23 131629 343
84 b569507 24 72720 203
84 b569507 25 16550 177
84 b569507 26 48498 215
84 b569507 27 107082 321
84 b569507 28 13682 81
84 b569507 29 43543 291
84 b569507 30 47820 140
84 b569507 31 30163 341
84 b569507 32 32096 128
84 b569507 33 70818 300
84 b569507 34 96849 748
84 b569507 35 56910 206
84 b569507 36 56244 173
84 b569507 37 185481 643
84 b569507 38 43168 332
84 b569507 39 29133 277
84 b569507 40 108400 720
85 e562069 1 589 25
85 e562069 2 3852 69
85 e562069 3 17916 147
85 e562069 4 4224 34
85 e562069 5 4760 67
85 e562069 6 35742 156
85 e562069 7 11347 43
85 e562069 8 32520 319
85 e562069 9 44343 173
85 e562069 10 17830 91
85 e562069 11 4803 52
85 e562069 12 17994 78
85 e562069 13 5200 49
85 e562069 14 20006 71
85 e562069 15 43995 134
85 e562069 16 28341 95
85 e562069 17 33830 175
85 e562069 18 50832 183
85 e562069 19 93613 254
85 e562069 20 23593 94
85 e562069 21 23576 122
85 e562069 22 59708 210
85 e562069 23 62468 184
85 e562069 24 13880 93
85 e562069 25 22500 109
85 e562069 26 37466 204
85 e562069 27 97173 369
85 e562069 28 54581 308
85 e562069 29 159616 970
85 e562069 30 131910 559
85 e562069 31 45942 163
85 e562069 32 94272 413
85 e562069 33 34815 125
85 e562069 34 157046 439
85 e562069 35 84962 286
85 e562069 36 42576 253
85 e562069 37 130462 886
85 e562069 38 73967 227
85 e562069 39 123513 771
85 e562069 40 159280 536
86 x354409 1 1066 11
86 x354409 2 3521 46
86 x354409 3 6465 31
86 x354409 4 6652 41
86 x354409 5 7937 63
86 x354409 6 9528 54
86 x354409 7 12432 135
86 x354409 8 3669 23
86 x354409 9 17154 93
86 x354409 10 3983 70
86 x354409 11 10505 71
86 x354409 12 17168 113
86 x354409 13 10473 83
86 x354409 14 7340 71
86 x354409 15 27840 90
86 x354409 16 43928 271
86 x354409 17 23176 121
86 x354409 18 86652 785
86 x354409 19 91200 319
86 x354409 20 49400 153
86 x354409 21 39193 205
86 x354409 22 108350 286
86 x354409 23 45586 235
86 x354409 24 13416 76
86 x354409 25 32400 231
86 x354409 26 119808 955
86 x354409 27 80703 470
86 x354409 28 42429 184
86 x354409 29 14277 147
86 x354409 30 143970 1211
86 x354409 31 34968 152
86 x354409 32 25205 109
86 x354409 33 40854 141
86 x354409 34 32334 331
86 x354409 35 152810 1195
86 x354409 36 74862 303
86 x354409 37 125208 395
86 x354409 38 139498 679
86 x354409 39 182091 904
86 x354409 40 145280 548
87 p563510 1 1089 20
87 p563510 2 4406 39
87 p563510 3 3888 72
87 p563510 4 17772 85
87 p563510 5 10345 72
87 p563510 6 6186 59
87 p563510 7 12281 74
87 p563510 8 11812 41
87 p563510 9 15642 68
87 p563510 10 19635 78
87 p563510 11 14681 82
87 p563510 12 43692 142
87 p563510 13 25311 113
87 p563510 14 13575 82
87 p563510 15 8160 43
87 p563510 16 25013 106
87 p563510 17 48178 225
87 p563510 18 41706 235
87 p563510 19 28835 156
87 p563510 20 48820 177
87 p563510 21 23814 147
87 p563510 22 90178 232
87 p563510 23 35834 125
87 p563510 24 35988 138
87 p563510 25 29975 174
87 p563510 26 130754 515
87 p563510 27 11493 69
87 p563510 28 135576 387
87 p563510 29 32895 186
87 p563510 30 49590 202
87 p563510 31 87373 415
87 p563510 32 178272 505
87 p563510 33 84777 249
87 p563510 34 81617 717
87 p563510 35 201425 640
87 p563510 36 46056 275
87 p563510 37 68450 611
87 p563510 38 78489 832
87 p563510 39 56179 436
87 p563510 40 21946 114
88 o969324 1 688 24
88 o969324 2 4871 23
88 o969324 3 4152 56
88 o969324 4 7394 44
88 o969324 5 13505 79
88 o969324 6 20220 89
88 o969324 7 10052 38
88 o969324 8 15852 70
88 o969324 9 17334 84
88 o969324 10 12555 80
88 o969324 11 13709 103
88 o969324 12 71052 332
88 o969324 13 36010 119
88 o969324 14 24798 92
88 o969324 15 22805 98
88 o969324 16 40080 201
88 o969324 17 28398 97
88 o969324 18 44010 156
88 o969324 19 42484 144
88 o969324 20 7860 89
88 o969324 21 122283 694
88 o969324 22 66528 302
88 o969324 23 26323 151
88 o969324 24 36248 187
88 o969324 25 46383 481
88 o969324 26 66482 190
88 o969324 27 104085 867
88 o969324 28 28494 119
88 o969324 29 39063 130
88 o969324 30 52610 162
88 o969324 31 17339 100
88 o969324 32 42640 470
88 o969324 33 16566 161
88 o969324 34 62237 247
88 o969324 35 96530 996
88 o969324 36 175968 683
88 o969324 37 128982 697
88 o969324 38 81472 341
88 o969324 39 187824 926
88 o969324 40 65386 255
89 n913831 1 734 32
89 n913831 2 3607 42
89 n913831 3 1976 28
89 n913831 4 16044 66
89 n913831 5 11905 104
89 n913831 6 13122 50
89 n913831 7 32627 110
89 n913831 8 12477 55
89 n913831 9 44370 138
89 n913831 10 15280 98
89 n913831 11 10314 49
89 n913831 12 36984 197
89 n913831 13 11123 95
89 n913831 14 13570 83
89 n913831 15 6555 51
89 n913831 16 29312 151
89 n913831 17 50694 219
89 n913831 18 22698 144
89 n913831 19 10051 70
89 n913831 20 31020 91
89 n913831 21 93870 393
89 n913831 22 110836 285
89 n913831 23 18791 142
89 n913831 24 66216 217
89 n913831 25 18458 102
89 n913831 26 81718 258
89 n913831 27 44064 140
89 n913831 28 21014 108
89 n913831 29 59015 172
89 n913831 30 50610 216
89 n913831 31 67766 200
89 n913831 32 82080 299
89 n913831 33 151338 443
89 n913831 34 158848 863
89 n913831 35 63192 432
89 n913831 36 49932 318
89 n913831 37 211307 740
89 n913831 38 68628 263
89 n913831 39 36478 200
89 n913831 40 24580 206
90 e691464 1 889 41
90 e691464 2 2027 45
90 e691464 3 3618 43
90 e691464 4 6612 66
90 e691464 5 22805 123
90 e691464 6 17610 93
90 e691464 7 7977 55
90 e691464 8 13693 111
90 e691464 9 25492 112
90 e691464 10 16560 71
90 e691464 11 9045 79
90 e691464 12 61800 372
90 e691464 13 17138 147
90 e691464 14 25741 178
90 e691464 15 25477 129
90 e691464 16 18624 137
90 e691464 17 16651 90
90 e691464 18 29796 94
90 e691464 19 16694 157
90 e691464 20 34880 112
90 e691464 21 41041 141
90 e691464 22 109978 277
90 e691464 23 34822 114
90 e691464 24 39300 281
90 e691464 25 48458 292
90 e691464 26 151086 398
90 e691464 27 25299 117
90 e691464 28 21210 99
90 e691464 29 28342 328
90 e691464 30 43300 199
90 e691464 31 38956 147
90 e691464 32 84576 367
90 e691464 33 45760 173
90 e691464 34 25262 209
90 e691464 35 27702 112
90 e691464 36 129708 631
90 e691464 37 42685 169
90 e691464 38 55125 221
90 e691464 39 58773 338
90 e691464 40 45160 237
91 x654922 1 1426 39
91 x654922 2 8614 32
91 x654922 3 3304 50
91 x654922 4 9376 98
91 x654922 5 2141 33
91 x654922 6 7632 61
91 x654922 7 10052 66
91 x654922 8 23840 108
91 x654922 9 17505 103
91 x654922 10 26475 174
91 x654922 11 62986 378
91 x654922 12 7464 45
91 x654922 13 43628 194
91 x654922 14 20944 105
91 x654922 15 43665 155
91 x654922 16 23976 92
91 x654922 17 9758 75
91 x654922 18 34299 156
91 x654922 19 77406 275
91 x654922 20 38433 171
91 x654922 21 40047 204
91 x654922 22 21329 206
91 x654922 23 26553 109
91 x654922 24 18664 103
91 x654922 25 133750 581
91 x654922 26 17992 95
91 x654922 27 21123 110
91 x654922 28 22148 113
91 x654922 29 29009 117
91 x654922 30 80745 234
91 x654922 31 67115 326
91 x654922 32 19285 97
91 x654922 33 26202 115
91 x654922 34 45186 270
91 x654922 35 41953 217
91 x654922 36 113580 317
91 x654922 37 111370 338
91 x654922 38 67424 311
91 x654922 39 36309 143
91 x654922 40 74053 198
92 l957815 1 591 28
92 l957815 2 904 22
92 l957815 3 1897 19
92 l957815 4 20336 207
92 l957815 5 4060 49
92 l957815 6 3796 33
92 l957815 7 10990 99
92 l957815 8 16496 93
92 l957815 9 3774 59
92 l957815 10 17696 69
92 l957815 11 28336 94
92 l957815 12 29160 102
92 l957815 13 19851 79
92 l957815 14 16053 78
92 l957815 15 21940 89
92 l957815 16 23216 113
92 l957815 17 90134 358
92 l957815 18 32184 245
92 l957815 19 32271 127
92 l957815 20 39460 141
92 l957815 21 20244 105
92 l957815 22 36641 171
92 l957815 23 42504 367
92 l957815 24 44136 461
92 l957815 25 123600 722
92 l957815 26 19734 104
92 l957815 27 37827 192
92 l957815 28 51361 230
92 l957815 29 30923 170
92 l957815 30 48510 350
92 l957815 31 97092 331
92 l957815 32 31472 127
92 l957815 33 42553 145
92 l957815 34 56882 245
92 l957815 35 103635 279
92 l957815 36 189864 632
92 l957815 37 66550 202
92 l957815 38 32015 149
92 l957815 39 67158 221
92 l957815 40 28013 334
93 f461757 1 665 36
93 f461757 2 942 15
93 f461757 3 8800 98
93 f461757 4 4446 30
93 f461757 5 25255 98
93 f461757 6 7836 75
93 f461757 7 12877 68
93 f461757 8 27760 119
93 f461757 9 9760 43
93 f461757 10 13980 81
93 f461757 11 49368 257
93 f461757 12 8952 70
93 f461757 13 17368 150
93 f461757 14 16874 159
93 f461757 15 39270 179
93 f461757 16 88416 255
93 f461757 17 15056 116
93 f461757 18 28332 125
93 f461757 19 46730 191
93 f461757 20 37873 148
93 f461757 21 23653 194
93 f461757 22 65615 284
93 f461757 23 17560 134
93 f461757 24 97176 762
93 f461757 25 35558 128
93 f461757 26 25393 94
93 f461757 27 70254 229
93 f461757 28 53396 260
93 f461757 29 38686 318
93 f461757 30 40530 299
93 f461757 31 65937 291
93 f461757 32 22656 126
93 f461757 33 68013 206
93 f461757 34 52479 192
93 f461757 35 178605 443
93 f461757 36 66402 467
93 f461757 37 91094 282
93 f461757 38 91732 253
93 f461757 39 107796 390
93 f461757 40 95820 994
94 x575534 1 607 29
94 x575534 2 7710 59
94 x575534 3 3963 23
94 x575534 4 5681 50
94 x575534 5 6417 83
94 x575534 6 35196 344
94 x575534 7 14493 68
94 x575534 8 13048 76
94 x575534 9 10665 69
94 x575534 10 11350 50
94 x575534 11 51832 163
94 x575534 12 31320 110
94 x575534 13 10898 96
94 x575534 14 40250 140
94 x575534 15 59970 368
94 x575534 16 37312 148
94 x575534 17 33059 124
94 x575534 18 18108 87
94 x575534 19 13787 55
94 x575534 20 30553 196
94 x575534 21 29274 134
94 x575534 22 14058 120
94 x575534 23 35259 280
94 x575534 24 64812 335
94 x575534 25 58762 257
94 x575534 26 126698 297
94 x575534 27 28404 121
94 x575534 28 52206 163
94 x575534 29 26805 245
94 x575534 30 122280 469
94 x575534 31 61824 455
94 x575534 32 34528 303
94 x575534 33 19030 98
94 x575534 34 65688 467
94 x575534 35 193935 472
94 x575534 36 23454 126
94 x575534 37 61864 214
94 x575534 38 19437 107
94 x575534 39 115888 337
94 x575534 40 13760 100
95 i980956 1 1494 19
95 i980956 2 5030 38
95 i980956 3 1884 14
95 i980956 4 4198 47
95 i980956 5 20140 201
95 i980956 6 18420 208
95 i980956 7 16534 64
95 i980956 8 18160 164
95 i980956 9 34947 282
95 i980956 10 31910 249
95 i980956 11 5802 58
95 i980956 12 13936 92
95 i980956 13 14798 161
95 i980956 14 58576 172
95 i980956 15 5810 56
95 i980956 16 28432 124
95 i980956 17 13900 97
95 i980956 18 31338 233
95 i980956 19 11514 72
95 i980956 20 15680 95
95 i980956 21 50043 158
95 i980956 22 24222 161
95 i980956 23 118496 327
95 i980956 24 28812 139
95 i980956 25 37425 169
95 i980956 26 136422 361
95 i980956 27 14292 64
95 i980956 28 122024 477
95 i980956 29 54365 333
95 i980956 30 29790 141
95 i980956 31 133455 667
95 i980956 32 50032 357
95 i980956 33 28952 140
95 i980956 34 47362 171
95 i980956 35 43913 166
95 i980956 36 49020 277
95 i980956 37 42476 289
95 i980956 38 93442 415
95 i980956 39 47463 414
95 i980956 40 40280 167
96 j421189 1 1320 12
96 j421189 2 4559 41
96 j421189 3 10002 44
96 j421189 4 3550 20
96 j421189 5 27630 94
96 j421189 6 10032 88
96 j421189 7 3112 30
96 j421189 8 7148 59
96 j421189 9 23674 193
96 j421189 10 26650 126
96 j421189 11 11128 105
96 j421189 12 9786 91
96 j421189 13 10322 63
96 j421189 14 23800 80
96 j421189 15 9565 76
96 j421189 16 11685 86
96 j421189 17 37867 171
96 j421189 18 29718 100
96 j421189 19 20425 102
96 j421189 20 42230 143
96 j421189 21 22190 170
96 j421189 22 63844 478
96 j421189 23 23586 121
96 j421189 24 41952 119
96 j421189 25 21416 237
96 j421189 26 19734 222
96 j421189 27 31167 160
96 j421189 28 47534 267
96 j421189 29 52190 168
96 j421189 30 177270 499
96 j421189 31 47543 153
96 j421189 32 168608 464
96 j421189 33 61512 189
96 j421189 34 66028 186
96 j421189 35 36295 139
96 j421189 36 122508 305
96 j421189 37 74703 448
96 j421189 38 17442 100
96 j421189 39 123552 470
96 j421189 40 38280 180
97 t382078 1 1459 37
97 t382078 2 5739 39
97 t382078 3 6754 23
97 t382078 4 6110 22
97 t382078 5 9776 38
97 t382078 6 3324 38
97 t382078 7 25970 188
97 t382078 8 19112 100
97 t382078 9 8073 55
97 t382078 10 40720 242
97 t382078 11 17825 84
97 t382078 12 50040 240
97 t382078 13 28093 114
97 t382078 14 5604 63
97 t382078 15 22012 64
97 t382078 16 15978 81
97 t382078 17 10925 96
97 t382078 18 32616 305
97 t382078 19 17619 63
97 t382078 20 31180 113
97 t382078 21 35238 123
97 t382078 22 47916 153
97 t382078 23 115506 292
97 t382078 24 31188 287
97 t382078 25 120450 649
97 t382078 26 119054 541
97 t382078 27 56781 217
97 t382078 28 77938 384
97 t382078 29 91437 916
97 t382078 30 161400 933
97 t382078 31 30142 272
97 t382078 32 36016 281
97 t382078 33 67237 334
97 t382078 34 34680 236
97 t382078 35 18515 141
97 t382078 36 18162 85
97 t382078 37 93924 511
97 t382078 38 40698 224
97 t382078 39 76615 248
97 t382078 40 107000 483
98 e217261 1 967 21
98 e217261 2 3974 42
98 e217261 3 14835 72
98 e217261 4 10112 93
98 e217261 5 13180 60
98 e217261 6 7442 40
98 e217261 7 7637 62
98 e217261 8 26488 104
98 e217261 9 19548 86
98 e217261 10 21985 104
98 e217261 11 13427 99
98 e217261 12 36876 115
98 e217261 13 15331 102
98 e217261 14 32480 282
98 e217261 15 27365 87
98 e217261 16 15720 65
98 e217261 17 41820 148
98 e217261 18 51237 149
98 e217261 19 100491 667
98 e217261 20 29786 153
98 e217261 21 84840 500
98 e217261 22 114840 712
98 e217261 23 23843 100
98 e217261 24 124176 923
98 e217261 25 20116 164
98 e217261 26 15158 81
98 e217261 27 72171 381
98 e217261 28 21728 97
98 e217261 29 31735 179
98 e217261 30 95700 310
98 e217261 31 60894 195
98 e217261 32 59882 160
98 e217261 33 22308 84
98 e217261 34 30214 174
98 e217261 35 104195 264
98 e217261 36 87498 375
98 e217261 37 110852 815
98 e217261 38 31084 137
98 e217261 39 40852 251
98 e217261 40 63360 185
99 y694328 1 1159 17
99 y694328 2 946 34
99 y694328 3 3829 54
99 y694328 4 5714 63
99 y694328 5 14280 97
99 y694328 6 20034 68
99 y694328 7 27153 118
99 y694328 8 9106 37
99 y694328 9 11425 47
99 y694328 10 17086 57
99 y694328 11 31592 96
99 y694328 12 18222 199
99 y694328 13 76167 431
99 y694328 14 24238 97
99 y694328 15 7552 68
99 y694328 16 37968 381
99 y694328 17 68187 202
99 y694328 18 56880 468
99 y694328 19 24785 121
99 y694328 20 98000 783
99 y694328 21 39291 245
99 y694328 22 37444 329
99 y694328 23 34109 135
99 y694328 24 104376 250
99 y694328 25 64025 607
99 y694328 26 35741 292
99 y694328 27 94743 490
99 y694328 28 51338 265
99 y694328 29 71238 358
99 y694328 30 17310 120
99 y694328 31 12916 90
99 y694328 32 50656 172
99 y694328 33 55506 157
99 y694328 34 67065 229
99 y694328 35 55218 601
99 y694328 36 111636 353
99 y694328 37 56240 287
99 y694328 38 28956 127
99 y694328 39 37557 173
99 y694328 40 18426 123
100 k460609 1 930 9
100 k460609 2 3127 41
100 k460609 3 2600 28
100 k460609 4 18516 161
100 k460609 5 8928 55
100 k460609 6 24888 95
100 k460609 7 27027 126
100 k460609 8 29920 114
100 k460609 9 11853 50
100 k460609 10 12310 107
100 k460609 11 40920 132
100 k460609 12 31500 199
100 k460609 13 26364 165
100 k460609 14 25571 148
100 k460609 15 67710 478
100 k460609 16 47480 235
100 k460609 17 24369 99
100 k460609 18 28848 227
100 k460609 19 101346 545
100 k460609 20 76100 599
100 k460609 21 51103 220
100 k460609 22 10926 89
100 k460609 23 20654 129
100 k460609 24 30376 200
100 k460609 25 20762 123
100 k460609 26 33072 167
100 k460609 27 80203 365
100 k460609 28 12572 64
100 k460609 29 19623 99
100 k460609 30 58060 290
100 k460609 31 18522 109
100 k460609 32 92464 587
100 k460609 33 161040 510
100 k460609 34 50104 149
100 k460609 35 64925 285
100 k460609 36 47016 145
100 k460609 37 52515 241
100 k460609 38 17505 222
100 k460609 39 97012 782
100 k460609 40 118160 448
